v ATLAS
# This file was created by ATLAS version 5.26.1.R on Thu Nov 28 16:02:22 2019.
#SSF 2.0 generic
##############################################################################
#                    Copyright (c) 1984 - 2018                               #
#                    Silvaco Inc. All rights reserved                        #
#                                                                            #
# This file format and the following Key are copyright Silvaco Inc.          #
# You may not use, this format or key without reproducing this message in    #
# full and obtaining express written permission from Silvaco Inc.            #
#                                                                            #
# To obtain such permission please contact: Silvaco Inc.                     #
#                                           support@silvaco.com              #
#                                                                            #
# KEY=SVC86hn7562asdx                       PROD=345                         #
##############################################################################
y 1 15
z 300
f 4 "source" "gate1" "gate2" "drain" 
p 12 2 601 20 3 602 21 4 603 22 5 604 23 
d 0.000000000e+000 0.000000000e+000 -1.355878674e-006 -2.500000000e+000 -2.500000000e+000 0.000000000e+000 1.000000000e+000 1.000000000e+000 0.000000000e+000 1.000000000e+001 1.000000000e+001 1.355878674e-006 
d 0.000000000e+000 0.000000000e+000 -1.458703780e-006 -5.000000000e+000 -5.000000000e+000 0.000000000e+000 2.000000000e+000 2.000000000e+000 0.000000000e+000 1.000000000e+001 1.000000000e+001 1.458703780e-006 
d 0.000000000e+000 0.000000000e+000 -1.553173928e-006 -4.500000000e+000 -4.500000000e+000 0.000000000e+000 2.000000000e+000 2.000000000e+000 0.000000000e+000 1.000000000e+001 1.000000000e+001 1.553173928e-006 
d 0.000000000e+000 0.000000000e+000 -1.653310153e-006 -4.000000000e+000 -4.000000000e+000 0.000000000e+000 2.000000000e+000 2.000000000e+000 0.000000000e+000 1.000000000e+001 1.000000000e+001 1.653310153e-006 
d 0.000000000e+000 0.000000000e+000 -1.761762003e-006 -3.500000000e+000 -3.500000000e+000 0.000000000e+000 2.000000000e+000 2.000000000e+000 0.000000000e+000 1.000000000e+001 1.000000000e+001 1.761762003e-006 
d 0.000000000e+000 0.000000000e+000 -1.885934018e-006 -3.000000000e+000 -3.000000000e+000 0.000000000e+000 2.000000000e+000 2.000000000e+000 0.000000000e+000 1.000000000e+001 1.000000000e+001 1.885934018e-006 
d 0.000000000e+000 0.000000000e+000 -2.047236063e-006 -2.500000000e+000 -2.500000000e+000 0.000000000e+000 2.000000000e+000 2.000000000e+000 0.000000000e+000 1.000000000e+001 1.000000000e+001 2.047236063e-006 
d 0.000000000e+000 0.000000000e+000 -2.292260466e-006 -2.000000000e+000 -2.000000000e+000 0.000000000e+000 2.000000000e+000 2.000000000e+000 0.000000000e+000 1.000000000e+001 1.000000000e+001 2.292260466e-006 
d 0.000000000e+000 0.000000000e+000 -2.652833112e-006 -1.500000000e+000 -1.500000000e+000 0.000000000e+000 2.000000000e+000 2.000000000e+000 0.000000000e+000 1.000000000e+001 1.000000000e+001 2.652833112e-006 
d 0.000000000e+000 0.000000000e+000 -3.556868779e-006 -1.000000000e+000 -1.000000000e+000 0.000000000e+000 2.000000000e+000 2.000000000e+000 0.000000000e+000 1.000000000e+001 1.000000000e+001 3.556868779e-006 
d 0.000000000e+000 0.000000000e+000 -4.915799076e-006 -5.000000000e-001 -5.000000000e-001 0.000000000e+000 2.000000000e+000 2.000000000e+000 0.000000000e+000 1.000000000e+001 1.000000000e+001 4.915799076e-006 
d 0.000000000e+000 0.000000000e+000 -6.663567386e-006 5.510695461e-016 5.510695461e-016 0.000000000e+000 2.000000000e+000 2.000000000e+000 0.000000000e+000 1.000000000e+001 1.000000000e+001 6.663567386e-006 
d 0.000000000e+000 0.000000000e+000 -8.108782759e-006 5.000000000e-001 5.000000000e-001 0.000000000e+000 2.000000000e+000 2.000000000e+000 0.000000000e+000 1.000000000e+001 1.000000000e+001 8.108782759e-006 
d 0.000000000e+000 0.000000000e+000 -8.894453923e-006 1.000000000e+000 1.000000000e+000 0.000000000e+000 2.000000000e+000 2.000000000e+000 0.000000000e+000 1.000000000e+001 1.000000000e+001 8.894453923e-006 
d 0.000000000e+000 0.000000000e+000 -9.505045174e-006 1.500000000e+000 1.500000000e+000 0.000000000e+000 2.000000000e+000 2.000000000e+000 0.000000000e+000 1.000000000e+001 1.000000000e+001 9.505045174e-006 
d 0.000000000e+000 0.000000000e+000 -1.005596001e-005 2.000000000e+000 2.000000000e+000 0.000000000e+000 2.000000000e+000 2.000000000e+000 0.000000000e+000 1.000000000e+001 1.000000000e+001 1.005596001e-005 
d 0.000000000e+000 0.000000000e+000 -1.057622875e-005 2.500000000e+000 2.500000000e+000 0.000000000e+000 2.000000000e+000 2.000000000e+000 0.000000000e+000 1.000000000e+001 1.000000000e+001 1.057622875e-005 
d 0.000000000e+000 0.000000000e+000 -1.106939235e-005 3.000000000e+000 3.000000000e+000 0.000000000e+000 2.000000000e+000 2.000000000e+000 0.000000000e+000 1.000000000e+001 1.000000000e+001 1.106939235e-005 
d 0.000000000e+000 0.000000000e+000 -1.151792743e-005 3.500000000e+000 3.500000000e+000 0.000000000e+000 2.000000000e+000 2.000000000e+000 0.000000000e+000 1.000000000e+001 1.000000000e+001 1.151792743e-005 
d 0.000000000e+000 0.000000000e+000 -1.190523287e-005 4.000000000e+000 4.000000000e+000 0.000000000e+000 2.000000000e+000 2.000000000e+000 0.000000000e+000 1.000000000e+001 1.000000000e+001 1.190523287e-005 
d 0.000000000e+000 0.000000000e+000 -1.224674216e-005 4.500000000e+000 4.500000000e+000 0.000000000e+000 2.000000000e+000 2.000000000e+000 0.000000000e+000 1.000000000e+001 1.000000000e+001 1.224674216e-005 
d 0.000000000e+000 0.000000000e+000 -1.255915016e-005 5.000000000e+000 5.000000000e+000 0.000000000e+000 2.000000000e+000 2.000000000e+000 0.000000000e+000 1.000000000e+001 1.000000000e+001 1.255915016e-005 
d 0.000000000e+000 0.000000000e+000 -1.285127636e-005 5.500000000e+000 5.500000000e+000 0.000000000e+000 2.000000000e+000 2.000000000e+000 0.000000000e+000 1.000000000e+001 1.000000000e+001 1.285127636e-005 
d 0.000000000e+000 0.000000000e+000 -1.312805812e-005 6.000000000e+000 6.000000000e+000 0.000000000e+000 2.000000000e+000 2.000000000e+000 0.000000000e+000 1.000000000e+001 1.000000000e+001 1.312805812e-005 
d 0.000000000e+000 0.000000000e+000 -1.339270667e-005 6.500000000e+000 6.500000000e+000 0.000000000e+000 2.000000000e+000 2.000000000e+000 0.000000000e+000 1.000000000e+001 1.000000000e+001 1.339270667e-005 
d 0.000000000e+000 0.000000000e+000 -1.364736688e-005 7.000000000e+000 7.000000000e+000 0.000000000e+000 2.000000000e+000 2.000000000e+000 0.000000000e+000 1.000000000e+001 1.000000000e+001 1.364736688e-005 
d 0.000000000e+000 0.000000000e+000 -1.389351790e-005 7.500000000e+000 7.500000000e+000 0.000000000e+000 2.000000000e+000 2.000000000e+000 0.000000000e+000 1.000000000e+001 1.000000000e+001 1.389351790e-005 
d 0.000000000e+000 0.000000000e+000 -1.413239180e-005 8.000000000e+000 8.000000000e+000 0.000000000e+000 2.000000000e+000 2.000000000e+000 0.000000000e+000 1.000000000e+001 1.000000000e+001 1.413239180e-005 
d 0.000000000e+000 0.000000000e+000 -1.436490447e-005 8.500000000e+000 8.500000000e+000 0.000000000e+000 2.000000000e+000 2.000000000e+000 0.000000000e+000 1.000000000e+001 1.000000000e+001 1.436490447e-005 
d 0.000000000e+000 0.000000000e+000 -1.459178749e-005 9.000000000e+000 9.000000000e+000 0.000000000e+000 2.000000000e+000 2.000000000e+000 0.000000000e+000 1.000000000e+001 1.000000000e+001 1.459178749e-005 
d 0.000000000e+000 0.000000000e+000 -1.481362651e-005 9.500000000e+000 9.500000000e+000 0.000000000e+000 2.000000000e+000 2.000000000e+000 0.000000000e+000 1.000000000e+001 1.000000000e+001 1.481362651e-005 
d 0.000000000e+000 0.000000000e+000 -1.503090342e-005 1.000000000e+001 1.000000000e+001 0.000000000e+000 2.000000000e+000 2.000000000e+000 0.000000000e+000 1.000000000e+001 1.000000000e+001 1.503090341e-005 
