v ATLAS
# This file was created by ATLAS version 5.26.1.R on Thu Nov 28 15:09:02 2019.
#SSF 2.0 generic
##############################################################################
#                    Copyright (c) 1984 - 2018                               #
#                    Silvaco Inc. All rights reserved                        #
#                                                                            #
# This file format and the following Key are copyright Silvaco Inc.          #
# You may not use, this format or key without reproducing this message in    #
# full and obtaining express written permission from Silvaco Inc.            #
#                                                                            #
# To obtain such permission please contact: Silvaco Inc.                     #
#                                           support@silvaco.com              #
#                                                                            #
# KEY=SVC86hn7562asdx                       PROD=345                         #
##############################################################################
y 1 15
z 300
f 4 "source" "gate1" "gate2" "drain" 
p 12 2 601 20 3 602 21 4 603 22 5 604 23 
d 0.000000000e+000 0.000000000e+000 -3.009024804e-006 1.000000000e+000 1.000000000e+000 0.000000000e+000 -1.250000000e+000 -1.250000000e+000 0.000000000e+000 1.000000000e+001 1.000000000e+001 3.009024804e-006 
d 0.000000000e+000 0.000000000e+000 -2.265458841e-006 2.000000000e+000 2.000000000e+000 0.000000000e+000 -2.500000000e+000 -2.500000000e+000 0.000000000e+000 1.000000000e+001 1.000000000e+001 2.265458842e-006 
d 0.000000000e+000 0.000000000e+000 -2.093994043e-006 4.000000000e+000 4.000000000e+000 0.000000000e+000 -5.000000000e+000 -5.000000000e+000 0.000000000e+000 1.000000000e+001 1.000000000e+001 2.093994043e-006 
d 0.000000000e+000 0.000000000e+000 -2.256197265e-006 4.000000000e+000 4.000000000e+000 0.000000000e+000 -4.500000000e+000 -4.500000000e+000 0.000000000e+000 1.000000000e+001 1.000000000e+001 2.256197265e-006 
d 0.000000000e+000 0.000000000e+000 -2.442883656e-006 4.000000000e+000 4.000000000e+000 0.000000000e+000 -4.000000000e+000 -4.000000000e+000 0.000000000e+000 1.000000000e+001 1.000000000e+001 2.442883656e-006 
d 0.000000000e+000 0.000000000e+000 -2.678474940e-006 4.000000000e+000 4.000000000e+000 0.000000000e+000 -3.500000000e+000 -3.500000000e+000 0.000000000e+000 1.000000000e+001 1.000000000e+001 2.678474939e-006 
d 0.000000000e+000 0.000000000e+000 -2.957113952e-006 4.000000000e+000 4.000000000e+000 0.000000000e+000 -3.000000000e+000 -3.000000000e+000 0.000000000e+000 1.000000000e+001 1.000000000e+001 2.957113951e-006 
d 0.000000000e+000 0.000000000e+000 -3.294937060e-006 4.000000000e+000 4.000000000e+000 0.000000000e+000 -2.500000000e+000 -2.500000000e+000 0.000000000e+000 1.000000000e+001 1.000000000e+001 3.294937060e-006 
d 0.000000000e+000 0.000000000e+000 -3.736076368e-006 4.000000000e+000 4.000000000e+000 0.000000000e+000 -2.000000000e+000 -2.000000000e+000 0.000000000e+000 1.000000000e+001 1.000000000e+001 3.736076368e-006 
d 0.000000000e+000 0.000000000e+000 -4.410356915e-006 4.000000000e+000 4.000000000e+000 0.000000000e+000 -1.500000000e+000 -1.500000000e+000 0.000000000e+000 1.000000000e+001 1.000000000e+001 4.410356916e-006 
d 0.000000000e+000 0.000000000e+000 -5.267607908e-006 4.000000000e+000 4.000000000e+000 0.000000000e+000 -1.000000000e+000 -1.000000000e+000 0.000000000e+000 1.000000000e+001 1.000000000e+001 5.267607908e-006 
d 0.000000000e+000 0.000000000e+000 -6.190727290e-006 4.000000000e+000 4.000000000e+000 0.000000000e+000 -5.000000000e-001 -5.000000000e-001 0.000000000e+000 1.000000000e+001 1.000000000e+001 6.190727290e-006 
d 0.000000000e+000 0.000000000e+000 -7.187442875e-006 4.000000000e+000 4.000000000e+000 0.000000000e+000 5.510695461e-016 5.510695461e-016 0.000000000e+000 1.000000000e+001 1.000000000e+001 7.187442875e-006 
d 0.000000000e+000 0.000000000e+000 -8.265698421e-006 4.000000000e+000 4.000000000e+000 0.000000000e+000 5.000000000e-001 5.000000000e-001 0.000000000e+000 1.000000000e+001 1.000000000e+001 8.265698422e-006 
d 0.000000000e+000 0.000000000e+000 -9.423962637e-006 4.000000000e+000 4.000000000e+000 0.000000000e+000 1.000000000e+000 1.000000000e+000 0.000000000e+000 1.000000000e+001 1.000000000e+001 9.423962637e-006 
d 0.000000000e+000 0.000000000e+000 -1.064785279e-005 4.000000000e+000 4.000000000e+000 0.000000000e+000 1.500000000e+000 1.500000000e+000 0.000000000e+000 1.000000000e+001 1.000000000e+001 1.064785279e-005 
d 0.000000000e+000 0.000000000e+000 -1.192057110e-005 4.000000000e+000 4.000000000e+000 0.000000000e+000 2.000000000e+000 2.000000000e+000 0.000000000e+000 1.000000000e+001 1.000000000e+001 1.192057110e-005 
d 0.000000000e+000 0.000000000e+000 -1.322110774e-005 4.000000000e+000 4.000000000e+000 0.000000000e+000 2.500000000e+000 2.500000000e+000 0.000000000e+000 1.000000000e+001 1.000000000e+001 1.322110774e-005 
d 0.000000000e+000 0.000000000e+000 -1.453282905e-005 4.000000000e+000 4.000000000e+000 0.000000000e+000 3.000000000e+000 3.000000000e+000 0.000000000e+000 1.000000000e+001 1.000000000e+001 1.453282905e-005 
d 0.000000000e+000 0.000000000e+000 -1.584646003e-005 4.000000000e+000 4.000000000e+000 0.000000000e+000 3.500000000e+000 3.500000000e+000 0.000000000e+000 1.000000000e+001 1.000000000e+001 1.584646003e-005 
d 0.000000000e+000 0.000000000e+000 -1.716349186e-005 4.000000000e+000 4.000000000e+000 0.000000000e+000 4.000000000e+000 4.000000000e+000 0.000000000e+000 1.000000000e+001 1.000000000e+001 1.716349186e-005 
d 0.000000000e+000 0.000000000e+000 -1.848728208e-005 4.000000000e+000 4.000000000e+000 0.000000000e+000 4.500000000e+000 4.500000000e+000 0.000000000e+000 1.000000000e+001 1.000000000e+001 1.848728208e-005 
d 0.000000000e+000 0.000000000e+000 -1.981733274e-005 4.000000000e+000 4.000000000e+000 0.000000000e+000 5.000000000e+000 5.000000000e+000 0.000000000e+000 1.000000000e+001 1.000000000e+001 1.981733274e-005 
d 0.000000000e+000 0.000000000e+000 -2.115299870e-005 4.000000000e+000 4.000000000e+000 0.000000000e+000 5.500000000e+000 5.500000000e+000 0.000000000e+000 1.000000000e+001 1.000000000e+001 2.115299870e-005 
d 0.000000000e+000 0.000000000e+000 -2.249400539e-005 4.000000000e+000 4.000000000e+000 0.000000000e+000 6.000000000e+000 6.000000000e+000 0.000000000e+000 1.000000000e+001 1.000000000e+001 2.249400539e-005 
d 0.000000000e+000 0.000000000e+000 -2.384016029e-005 4.000000000e+000 4.000000000e+000 0.000000000e+000 6.500000000e+000 6.500000000e+000 0.000000000e+000 1.000000000e+001 1.000000000e+001 2.384016029e-005 
d 0.000000000e+000 0.000000000e+000 -2.519119899e-005 4.000000000e+000 4.000000000e+000 0.000000000e+000 7.000000000e+000 7.000000000e+000 0.000000000e+000 1.000000000e+001 1.000000000e+001 2.519119899e-005 
d 0.000000000e+000 0.000000000e+000 -2.654650881e-005 4.000000000e+000 4.000000000e+000 0.000000000e+000 7.500000000e+000 7.500000000e+000 0.000000000e+000 1.000000000e+001 1.000000000e+001 2.654650881e-005 
d 0.000000000e+000 0.000000000e+000 -2.790406509e-005 4.000000000e+000 4.000000000e+000 0.000000000e+000 8.000000000e+000 8.000000000e+000 0.000000000e+000 1.000000000e+001 1.000000000e+001 2.790406509e-005 
d 0.000000000e+000 0.000000000e+000 -2.926291798e-005 4.000000000e+000 4.000000000e+000 0.000000000e+000 8.500000000e+000 8.500000000e+000 0.000000000e+000 1.000000000e+001 1.000000000e+001 2.926291798e-005 
d 0.000000000e+000 0.000000000e+000 -3.062049807e-005 4.000000000e+000 4.000000000e+000 0.000000000e+000 9.000000000e+000 9.000000000e+000 0.000000000e+000 1.000000000e+001 1.000000000e+001 3.062049807e-005 
d 0.000000000e+000 0.000000000e+000 -3.197381412e-005 4.000000000e+000 4.000000000e+000 0.000000000e+000 9.500000000e+000 9.500000000e+000 0.000000000e+000 1.000000000e+001 1.000000000e+001 3.197381412e-005 
d 0.000000000e+000 0.000000000e+000 -3.331773274e-005 4.000000000e+000 4.000000000e+000 0.000000000e+000 1.000000000e+001 1.000000000e+001 0.000000000e+000 1.000000000e+001 1.000000000e+001 3.331773274e-005 
