v ATLAS
# This file was created by ATLAS version 5.26.1.R on Thu Nov 28 15:03:36 2019.
#SSF 2.0 generic
##############################################################################
#                    Copyright (c) 1984 - 2018                               #
#                    Silvaco Inc. All rights reserved                        #
#                                                                            #
# This file format and the following Key are copyright Silvaco Inc.          #
# You may not use, this format or key without reproducing this message in    #
# full and obtaining express written permission from Silvaco Inc.            #
#                                                                            #
# To obtain such permission please contact: Silvaco Inc.                     #
#                                           support@silvaco.com              #
#                                                                            #
# KEY=SVC86hn7562asdx                       PROD=345                         #
##############################################################################
y 1 15
z 300
f 4 "source" "gate1" "gate2" "drain" 
p 12 2 601 20 3 602 21 4 603 22 5 604 23 
d 0.000000000e+000 0.000000000e+000 -1.332372707e-006 2.000000000e+000 2.000000000e+000 0.000000000e+000 -5.000000000e+000 -5.000000000e+000 0.000000000e+000 1.000000000e+001 1.000000000e+001 1.332372707e-006 
d 0.000000000e+000 0.000000000e+000 -1.448033565e-006 2.000000000e+000 2.000000000e+000 0.000000000e+000 -4.500000000e+000 -4.500000000e+000 0.000000000e+000 1.000000000e+001 1.000000000e+001 1.448033565e-006 
d 0.000000000e+000 0.000000000e+000 -1.585718176e-006 2.000000000e+000 2.000000000e+000 0.000000000e+000 -4.000000000e+000 -4.000000000e+000 0.000000000e+000 1.000000000e+001 1.000000000e+001 1.585718176e-006 
d 0.000000000e+000 0.000000000e+000 -1.759828949e-006 2.000000000e+000 2.000000000e+000 0.000000000e+000 -3.500000000e+000 -3.500000000e+000 0.000000000e+000 1.000000000e+001 1.000000000e+001 1.759828949e-006 
d 0.000000000e+000 0.000000000e+000 -1.976023118e-006 2.000000000e+000 2.000000000e+000 0.000000000e+000 -3.000000000e+000 -3.000000000e+000 0.000000000e+000 1.000000000e+001 1.000000000e+001 1.976023118e-006 
d 0.000000000e+000 0.000000000e+000 -2.267173851e-006 2.000000000e+000 2.000000000e+000 0.000000000e+000 -2.500000000e+000 -2.500000000e+000 0.000000000e+000 1.000000000e+001 1.000000000e+001 2.267173851e-006 
d 0.000000000e+000 0.000000000e+000 -2.671074512e-006 2.000000000e+000 2.000000000e+000 0.000000000e+000 -2.000000000e+000 -2.000000000e+000 0.000000000e+000 1.000000000e+001 1.000000000e+001 2.671074512e-006 
d 0.000000000e+000 0.000000000e+000 -3.308812007e-006 2.000000000e+000 2.000000000e+000 0.000000000e+000 -1.500000000e+000 -1.500000000e+000 0.000000000e+000 1.000000000e+001 1.000000000e+001 3.308812007e-006 
d 0.000000000e+000 0.000000000e+000 -4.124333596e-006 2.000000000e+000 2.000000000e+000 0.000000000e+000 -1.000000000e+000 -1.000000000e+000 0.000000000e+000 1.000000000e+001 1.000000000e+001 4.124333595e-006 
d 0.000000000e+000 0.000000000e+000 -4.995589230e-006 2.000000000e+000 2.000000000e+000 0.000000000e+000 -5.000000000e-001 -5.000000000e-001 0.000000000e+000 1.000000000e+001 1.000000000e+001 4.995589230e-006 
d 0.000000000e+000 0.000000000e+000 -5.915533969e-006 2.000000000e+000 2.000000000e+000 0.000000000e+000 5.510695461e-016 5.510695461e-016 0.000000000e+000 1.000000000e+001 1.000000000e+001 5.915533968e-006 
d 0.000000000e+000 0.000000000e+000 -6.883936157e-006 2.000000000e+000 2.000000000e+000 0.000000000e+000 5.000000000e-001 5.000000000e-001 0.000000000e+000 1.000000000e+001 1.000000000e+001 6.883936157e-006 
d 0.000000000e+000 0.000000000e+000 -7.899384521e-006 2.000000000e+000 2.000000000e+000 0.000000000e+000 1.000000000e+000 1.000000000e+000 0.000000000e+000 1.000000000e+001 1.000000000e+001 7.899384521e-006 
d 0.000000000e+000 0.000000000e+000 -8.960208653e-006 2.000000000e+000 2.000000000e+000 0.000000000e+000 1.500000000e+000 1.500000000e+000 0.000000000e+000 1.000000000e+001 1.000000000e+001 8.960208653e-006 
d 0.000000000e+000 0.000000000e+000 -1.006427887e-005 2.000000000e+000 2.000000000e+000 0.000000000e+000 2.000000000e+000 2.000000000e+000 0.000000000e+000 1.000000000e+001 1.000000000e+001 1.006427887e-005 
d 0.000000000e+000 0.000000000e+000 -1.120776262e-005 2.000000000e+000 2.000000000e+000 0.000000000e+000 2.500000000e+000 2.500000000e+000 0.000000000e+000 1.000000000e+001 1.000000000e+001 1.120776262e-005 
d 0.000000000e+000 0.000000000e+000 -1.238455494e-005 2.000000000e+000 2.000000000e+000 0.000000000e+000 3.000000000e+000 3.000000000e+000 0.000000000e+000 1.000000000e+001 1.000000000e+001 1.238455494e-005 
d 0.000000000e+000 0.000000000e+000 -1.358887675e-005 2.000000000e+000 2.000000000e+000 0.000000000e+000 3.500000000e+000 3.500000000e+000 0.000000000e+000 1.000000000e+001 1.000000000e+001 1.358887675e-005 
d 0.000000000e+000 0.000000000e+000 -1.481715797e-005 2.000000000e+000 2.000000000e+000 0.000000000e+000 4.000000000e+000 4.000000000e+000 0.000000000e+000 1.000000000e+001 1.000000000e+001 1.481715797e-005 
d 0.000000000e+000 0.000000000e+000 -1.606292834e-005 2.000000000e+000 2.000000000e+000 0.000000000e+000 4.500000000e+000 4.500000000e+000 0.000000000e+000 1.000000000e+001 1.000000000e+001 1.606292834e-005 
d 0.000000000e+000 0.000000000e+000 -1.732193244e-005 2.000000000e+000 2.000000000e+000 0.000000000e+000 5.000000000e+000 5.000000000e+000 0.000000000e+000 1.000000000e+001 1.000000000e+001 1.732193244e-005 
d 0.000000000e+000 0.000000000e+000 -1.859137546e-005 2.000000000e+000 2.000000000e+000 0.000000000e+000 5.500000000e+000 5.500000000e+000 0.000000000e+000 1.000000000e+001 1.000000000e+001 1.859137546e-005 
d 0.000000000e+000 0.000000000e+000 -1.987077987e-005 2.000000000e+000 2.000000000e+000 0.000000000e+000 6.000000000e+000 6.000000000e+000 0.000000000e+000 1.000000000e+001 1.000000000e+001 1.987077987e-005 
d 0.000000000e+000 0.000000000e+000 -2.115801822e-005 2.000000000e+000 2.000000000e+000 0.000000000e+000 6.500000000e+000 6.500000000e+000 0.000000000e+000 1.000000000e+001 1.000000000e+001 2.115801822e-005 
d 0.000000000e+000 0.000000000e+000 -2.245242069e-005 2.000000000e+000 2.000000000e+000 0.000000000e+000 7.000000000e+000 7.000000000e+000 0.000000000e+000 1.000000000e+001 1.000000000e+001 2.245242069e-005 
d 0.000000000e+000 0.000000000e+000 -2.375303444e-005 2.000000000e+000 2.000000000e+000 0.000000000e+000 7.500000000e+000 7.500000000e+000 0.000000000e+000 1.000000000e+001 1.000000000e+001 2.375303444e-005 
d 0.000000000e+000 0.000000000e+000 -2.505853697e-005 2.000000000e+000 2.000000000e+000 0.000000000e+000 8.000000000e+000 8.000000000e+000 0.000000000e+000 1.000000000e+001 1.000000000e+001 2.505853697e-005 
d 0.000000000e+000 0.000000000e+000 -2.636772266e-005 2.000000000e+000 2.000000000e+000 0.000000000e+000 8.500000000e+000 8.500000000e+000 0.000000000e+000 1.000000000e+001 1.000000000e+001 2.636772266e-005 
d 0.000000000e+000 0.000000000e+000 -2.767834117e-005 2.000000000e+000 2.000000000e+000 0.000000000e+000 9.000000000e+000 9.000000000e+000 0.000000000e+000 1.000000000e+001 1.000000000e+001 2.767834117e-005 
d 0.000000000e+000 0.000000000e+000 -2.898675977e-005 2.000000000e+000 2.000000000e+000 0.000000000e+000 9.500000000e+000 9.500000000e+000 0.000000000e+000 1.000000000e+001 1.000000000e+001 2.898675977e-005 
d 0.000000000e+000 0.000000000e+000 -3.028856877e-005 2.000000000e+000 2.000000000e+000 0.000000000e+000 1.000000000e+001 1.000000000e+001 0.000000000e+000 1.000000000e+001 1.000000000e+001 3.028856877e-005 
