v ATLAS
# This file was created by ATLAS version 5.26.1.R on Thu Nov 28 15:00:49 2019.
#SSF 2.0 generic
##############################################################################
#                    Copyright (c) 1984 - 2018                               #
#                    Silvaco Inc. All rights reserved                        #
#                                                                            #
# This file format and the following Key are copyright Silvaco Inc.          #
# You may not use, this format or key without reproducing this message in    #
# full and obtaining express written permission from Silvaco Inc.            #
#                                                                            #
# To obtain such permission please contact: Silvaco Inc.                     #
#                                           support@silvaco.com              #
#                                                                            #
# KEY=SVC86hn7562asdx                       PROD=345                         #
##############################################################################
y 1 15
z 300
f 4 "source" "gate1" "gate2" "drain" 
p 12 2 601 20 3 602 21 4 603 22 5 604 23 
d 0.000000000e+000 0.000000000e+000 -9.032818380e-006 5.000000000e-001 5.000000000e-001 0.000000000e+000 2.500000000e+000 2.500000000e+000 0.000000000e+000 1.000000000e+001 1.000000000e+001 9.032818380e-006 
d 0.000000000e+000 0.000000000e+000 -2.770321608e-006 7.500000000e-001 7.500000000e-001 0.000000000e+000 -1.250000000e+000 -1.250000000e+000 0.000000000e+000 1.000000000e+001 1.000000000e+001 2.770321608e-006 
d 0.000000000e+000 0.000000000e+000 -1.003355552e-006 1.000000000e+000 1.000000000e+000 0.000000000e+000 -5.000000000e+000 -5.000000000e+000 0.000000000e+000 1.000000000e+001 1.000000000e+001 1.003355552e-006 
d 0.000000000e+000 0.000000000e+000 -1.090827294e-006 1.000000000e+000 1.000000000e+000 0.000000000e+000 -4.500000000e+000 -4.500000000e+000 0.000000000e+000 1.000000000e+001 1.000000000e+001 1.090827293e-006 
d 0.000000000e+000 0.000000000e+000 -1.196059904e-006 1.000000000e+000 1.000000000e+000 0.000000000e+000 -4.000000000e+000 -4.000000000e+000 0.000000000e+000 1.000000000e+001 1.000000000e+001 1.196059904e-006 
d 0.000000000e+000 0.000000000e+000 -1.332537516e-006 1.000000000e+000 1.000000000e+000 0.000000000e+000 -3.500000000e+000 -3.500000000e+000 0.000000000e+000 1.000000000e+001 1.000000000e+001 1.332537515e-006 
d 0.000000000e+000 0.000000000e+000 -1.507475284e-006 1.000000000e+000 1.000000000e+000 0.000000000e+000 -3.000000000e+000 -3.000000000e+000 0.000000000e+000 1.000000000e+001 1.000000000e+001 1.507475284e-006 
d 0.000000000e+000 0.000000000e+000 -1.743079428e-006 1.000000000e+000 1.000000000e+000 0.000000000e+000 -2.500000000e+000 -2.500000000e+000 0.000000000e+000 1.000000000e+001 1.000000000e+001 1.743079428e-006 
d 0.000000000e+000 0.000000000e+000 -2.077670244e-006 1.000000000e+000 1.000000000e+000 0.000000000e+000 -2.000000000e+000 -2.000000000e+000 0.000000000e+000 1.000000000e+001 1.000000000e+001 2.077670244e-006 
d 0.000000000e+000 0.000000000e+000 -2.618672526e-006 1.000000000e+000 1.000000000e+000 0.000000000e+000 -1.500000000e+000 -1.500000000e+000 0.000000000e+000 1.000000000e+001 1.000000000e+001 2.618672526e-006 
d 0.000000000e+000 0.000000000e+000 -3.346845653e-006 1.000000000e+000 1.000000000e+000 0.000000000e+000 -1.000000000e+000 -1.000000000e+000 0.000000000e+000 1.000000000e+001 1.000000000e+001 3.346845654e-006 
d 0.000000000e+000 0.000000000e+000 -4.137113734e-006 1.000000000e+000 1.000000000e+000 0.000000000e+000 -5.000000000e-001 -5.000000000e-001 0.000000000e+000 1.000000000e+001 1.000000000e+001 4.137113735e-006 
d 0.000000000e+000 0.000000000e+000 -4.977194144e-006 1.000000000e+000 1.000000000e+000 0.000000000e+000 5.510695461e-016 5.510695461e-016 0.000000000e+000 1.000000000e+001 1.000000000e+001 4.977194145e-006 
d 0.000000000e+000 0.000000000e+000 -5.863819003e-006 1.000000000e+000 1.000000000e+000 0.000000000e+000 5.000000000e-001 5.000000000e-001 0.000000000e+000 1.000000000e+001 1.000000000e+001 5.863819002e-006 
d 0.000000000e+000 0.000000000e+000 -6.795077299e-006 1.000000000e+000 1.000000000e+000 0.000000000e+000 1.000000000e+000 1.000000000e+000 0.000000000e+000 1.000000000e+001 1.000000000e+001 6.795077299e-006 
d 0.000000000e+000 0.000000000e+000 -7.769609213e-006 1.000000000e+000 1.000000000e+000 0.000000000e+000 1.500000000e+000 1.500000000e+000 0.000000000e+000 1.000000000e+001 1.000000000e+001 7.769609213e-006 
d 0.000000000e+000 0.000000000e+000 -8.785940601e-006 1.000000000e+000 1.000000000e+000 0.000000000e+000 2.000000000e+000 2.000000000e+000 0.000000000e+000 1.000000000e+001 1.000000000e+001 8.785940601e-006 
d 0.000000000e+000 0.000000000e+000 -9.840472877e-006 1.000000000e+000 1.000000000e+000 0.000000000e+000 2.500000000e+000 2.500000000e+000 0.000000000e+000 1.000000000e+001 1.000000000e+001 9.840472877e-006 
d 0.000000000e+000 0.000000000e+000 -1.092647154e-005 1.000000000e+000 1.000000000e+000 0.000000000e+000 3.000000000e+000 3.000000000e+000 0.000000000e+000 1.000000000e+001 1.000000000e+001 1.092647154e-005 
d 0.000000000e+000 0.000000000e+000 -1.203611112e-005 1.000000000e+000 1.000000000e+000 0.000000000e+000 3.500000000e+000 3.500000000e+000 0.000000000e+000 1.000000000e+001 1.000000000e+001 1.203611112e-005 
d 0.000000000e+000 0.000000000e+000 -1.316318362e-005 1.000000000e+000 1.000000000e+000 0.000000000e+000 4.000000000e+000 4.000000000e+000 0.000000000e+000 1.000000000e+001 1.000000000e+001 1.316318362e-005 
d 0.000000000e+000 0.000000000e+000 -1.430301260e-005 1.000000000e+000 1.000000000e+000 0.000000000e+000 4.500000000e+000 4.500000000e+000 0.000000000e+000 1.000000000e+001 1.000000000e+001 1.430301260e-005 
d 0.000000000e+000 0.000000000e+000 -1.545216516e-005 1.000000000e+000 1.000000000e+000 0.000000000e+000 5.000000000e+000 5.000000000e+000 0.000000000e+000 1.000000000e+001 1.000000000e+001 1.545216516e-005 
d 0.000000000e+000 0.000000000e+000 -1.660909752e-005 1.000000000e+000 1.000000000e+000 0.000000000e+000 5.500000000e+000 5.500000000e+000 0.000000000e+000 1.000000000e+001 1.000000000e+001 1.660909752e-005 
d 0.000000000e+000 0.000000000e+000 -1.777272923e-005 1.000000000e+000 1.000000000e+000 0.000000000e+000 6.000000000e+000 6.000000000e+000 0.000000000e+000 1.000000000e+001 1.000000000e+001 1.777272923e-005 
d 0.000000000e+000 0.000000000e+000 -1.894211646e-005 1.000000000e+000 1.000000000e+000 0.000000000e+000 6.500000000e+000 6.500000000e+000 0.000000000e+000 1.000000000e+001 1.000000000e+001 1.894211646e-005 
d 0.000000000e+000 0.000000000e+000 -2.011671123e-005 1.000000000e+000 1.000000000e+000 0.000000000e+000 7.000000000e+000 7.000000000e+000 0.000000000e+000 1.000000000e+001 1.000000000e+001 2.011671123e-005 
d 0.000000000e+000 0.000000000e+000 -2.129549942e-005 1.000000000e+000 1.000000000e+000 0.000000000e+000 7.500000000e+000 7.500000000e+000 0.000000000e+000 1.000000000e+001 1.000000000e+001 2.129549942e-005 
d 0.000000000e+000 0.000000000e+000 -2.247786190e-005 1.000000000e+000 1.000000000e+000 0.000000000e+000 8.000000000e+000 8.000000000e+000 0.000000000e+000 1.000000000e+001 1.000000000e+001 2.247786190e-005 
d 0.000000000e+000 0.000000000e+000 -2.366237402e-005 1.000000000e+000 1.000000000e+000 0.000000000e+000 8.500000000e+000 8.500000000e+000 0.000000000e+000 1.000000000e+001 1.000000000e+001 2.366237402e-005 
d 0.000000000e+000 0.000000000e+000 -2.484721951e-005 1.000000000e+000 1.000000000e+000 0.000000000e+000 9.000000000e+000 9.000000000e+000 0.000000000e+000 1.000000000e+001 1.000000000e+001 2.484721951e-005 
d 0.000000000e+000 0.000000000e+000 -2.602951367e-005 1.000000000e+000 1.000000000e+000 0.000000000e+000 9.500000000e+000 9.500000000e+000 0.000000000e+000 1.000000000e+001 1.000000000e+001 2.602951367e-005 
d 0.000000000e+000 0.000000000e+000 -2.720535915e-005 1.000000000e+000 1.000000000e+000 0.000000000e+000 1.000000000e+001 1.000000000e+001 0.000000000e+000 1.000000000e+001 1.000000000e+001 2.720535915e-005 
