v ATLAS
# This file was created by ATLAS version 5.26.1.R on Thu Nov 28 15:05:57 2019.
#SSF 2.0 generic
##############################################################################
#                    Copyright (c) 1984 - 2018                               #
#                    Silvaco Inc. All rights reserved                        #
#                                                                            #
# This file format and the following Key are copyright Silvaco Inc.          #
# You may not use, this format or key without reproducing this message in    #
# full and obtaining express written permission from Silvaco Inc.            #
#                                                                            #
# To obtain such permission please contact: Silvaco Inc.                     #
#                                           support@silvaco.com              #
#                                                                            #
# KEY=SVC86hn7562asdx                       PROD=345                         #
##############################################################################
y 1 15
z 300
f 4 "source" "gate1" "gate2" "drain" 
p 12 2 601 20 3 602 21 4 603 22 5 604 23 
d 0.000000000e+000 0.000000000e+000 -2.016572548e-006 1.500000000e+000 1.500000000e+000 0.000000000e+000 -2.500000000e+000 -2.500000000e+000 0.000000000e+000 1.000000000e+001 1.000000000e+001 2.016572548e-006 
d 0.000000000e+000 0.000000000e+000 -1.694513178e-006 3.000000000e+000 3.000000000e+000 0.000000000e+000 -5.000000000e+000 -5.000000000e+000 0.000000000e+000 1.000000000e+001 1.000000000e+001 1.694513178e-006 
d 0.000000000e+000 0.000000000e+000 -1.837358591e-006 3.000000000e+000 3.000000000e+000 0.000000000e+000 -4.500000000e+000 -4.500000000e+000 0.000000000e+000 1.000000000e+001 1.000000000e+001 1.837358592e-006 
d 0.000000000e+000 0.000000000e+000 -2.000559370e-006 3.000000000e+000 3.000000000e+000 0.000000000e+000 -4.000000000e+000 -4.000000000e+000 0.000000000e+000 1.000000000e+001 1.000000000e+001 2.000559371e-006 
d 0.000000000e+000 0.000000000e+000 -2.204773481e-006 3.000000000e+000 3.000000000e+000 0.000000000e+000 -3.500000000e+000 -3.500000000e+000 0.000000000e+000 1.000000000e+001 1.000000000e+001 2.204773481e-006 
d 0.000000000e+000 0.000000000e+000 -2.461026604e-006 3.000000000e+000 3.000000000e+000 0.000000000e+000 -3.000000000e+000 -3.000000000e+000 0.000000000e+000 1.000000000e+001 1.000000000e+001 2.461026604e-006 
d 0.000000000e+000 0.000000000e+000 -2.799346716e-006 3.000000000e+000 3.000000000e+000 0.000000000e+000 -2.500000000e+000 -2.500000000e+000 0.000000000e+000 1.000000000e+001 1.000000000e+001 2.799346717e-006 
d 0.000000000e+000 0.000000000e+000 -3.250683267e-006 3.000000000e+000 3.000000000e+000 0.000000000e+000 -2.000000000e+000 -2.000000000e+000 0.000000000e+000 1.000000000e+001 1.000000000e+001 3.250683268e-006 
d 0.000000000e+000 0.000000000e+000 -3.933891619e-006 3.000000000e+000 3.000000000e+000 0.000000000e+000 -1.500000000e+000 -1.500000000e+000 0.000000000e+000 1.000000000e+001 1.000000000e+001 3.933891620e-006 
d 0.000000000e+000 0.000000000e+000 -4.780047273e-006 3.000000000e+000 3.000000000e+000 0.000000000e+000 -1.000000000e+000 -1.000000000e+000 0.000000000e+000 1.000000000e+001 1.000000000e+001 4.780047273e-006 
d 0.000000000e+000 0.000000000e+000 -5.677664551e-006 3.000000000e+000 3.000000000e+000 0.000000000e+000 -5.000000000e-001 -5.000000000e-001 0.000000000e+000 1.000000000e+001 1.000000000e+001 5.677664551e-006 
d 0.000000000e+000 0.000000000e+000 -6.634811561e-006 3.000000000e+000 3.000000000e+000 0.000000000e+000 5.510695461e-016 5.510695461e-016 0.000000000e+000 1.000000000e+001 1.000000000e+001 6.634811560e-006 
d 0.000000000e+000 0.000000000e+000 -7.657756689e-006 3.000000000e+000 3.000000000e+000 0.000000000e+000 5.000000000e-001 5.000000000e-001 0.000000000e+000 1.000000000e+001 1.000000000e+001 7.657756689e-006 
d 0.000000000e+000 0.000000000e+000 -8.742741665e-006 3.000000000e+000 3.000000000e+000 0.000000000e+000 1.000000000e+000 1.000000000e+000 0.000000000e+000 1.000000000e+001 1.000000000e+001 8.742741665e-006 
d 0.000000000e+000 0.000000000e+000 -9.874500528e-006 3.000000000e+000 3.000000000e+000 0.000000000e+000 1.500000000e+000 1.500000000e+000 0.000000000e+000 1.000000000e+001 1.000000000e+001 9.874500528e-006 
d 0.000000000e+000 0.000000000e+000 -1.104034407e-005 3.000000000e+000 3.000000000e+000 0.000000000e+000 2.000000000e+000 2.000000000e+000 0.000000000e+000 1.000000000e+001 1.000000000e+001 1.104034407e-005 
d 0.000000000e+000 0.000000000e+000 -1.223407433e-005 3.000000000e+000 3.000000000e+000 0.000000000e+000 2.500000000e+000 2.500000000e+000 0.000000000e+000 1.000000000e+001 1.000000000e+001 1.223407433e-005 
d 0.000000000e+000 0.000000000e+000 -1.345278683e-005 3.000000000e+000 3.000000000e+000 0.000000000e+000 3.000000000e+000 3.000000000e+000 0.000000000e+000 1.000000000e+001 1.000000000e+001 1.345278683e-005 
d 0.000000000e+000 0.000000000e+000 -1.469303348e-005 3.000000000e+000 3.000000000e+000 0.000000000e+000 3.500000000e+000 3.500000000e+000 0.000000000e+000 1.000000000e+001 1.000000000e+001 1.469303348e-005 
d 0.000000000e+000 0.000000000e+000 -1.595230082e-005 3.000000000e+000 3.000000000e+000 0.000000000e+000 4.000000000e+000 4.000000000e+000 0.000000000e+000 1.000000000e+001 1.000000000e+001 1.595230082e-005 
d 0.000000000e+000 0.000000000e+000 -1.722932350e-005 3.000000000e+000 3.000000000e+000 0.000000000e+000 4.500000000e+000 4.500000000e+000 0.000000000e+000 1.000000000e+001 1.000000000e+001 1.722932350e-005 
d 0.000000000e+000 0.000000000e+000 -1.852112554e-005 3.000000000e+000 3.000000000e+000 0.000000000e+000 5.000000000e+000 5.000000000e+000 0.000000000e+000 1.000000000e+001 1.000000000e+001 1.852112554e-005 
d 0.000000000e+000 0.000000000e+000 -1.982349911e-005 3.000000000e+000 3.000000000e+000 0.000000000e+000 5.500000000e+000 5.500000000e+000 0.000000000e+000 1.000000000e+001 1.000000000e+001 1.982349911e-005 
d 0.000000000e+000 0.000000000e+000 -2.113310824e-005 3.000000000e+000 3.000000000e+000 0.000000000e+000 6.000000000e+000 6.000000000e+000 0.000000000e+000 1.000000000e+001 1.000000000e+001 2.113310824e-005 
d 0.000000000e+000 0.000000000e+000 -2.244708030e-005 3.000000000e+000 3.000000000e+000 0.000000000e+000 6.500000000e+000 6.500000000e+000 0.000000000e+000 1.000000000e+001 1.000000000e+001 2.244708030e-005 
d 0.000000000e+000 0.000000000e+000 -2.375906518e-005 3.000000000e+000 3.000000000e+000 0.000000000e+000 7.000000000e+000 7.000000000e+000 0.000000000e+000 1.000000000e+001 1.000000000e+001 2.375906518e-005 
d 0.000000000e+000 0.000000000e+000 -2.508922562e-005 3.000000000e+000 3.000000000e+000 0.000000000e+000 7.500000000e+000 7.500000000e+000 0.000000000e+000 1.000000000e+001 1.000000000e+001 2.508922562e-005 
d 0.000000000e+000 0.000000000e+000 -2.643036327e-005 3.000000000e+000 3.000000000e+000 0.000000000e+000 8.000000000e+000 8.000000000e+000 0.000000000e+000 1.000000000e+001 1.000000000e+001 2.643036327e-005 
d 0.000000000e+000 0.000000000e+000 -2.777906427e-005 3.000000000e+000 3.000000000e+000 0.000000000e+000 8.500000000e+000 8.500000000e+000 0.000000000e+000 1.000000000e+001 1.000000000e+001 2.777906427e-005 
d 0.000000000e+000 0.000000000e+000 -2.913099408e-005 3.000000000e+000 3.000000000e+000 0.000000000e+000 9.000000000e+000 9.000000000e+000 0.000000000e+000 1.000000000e+001 1.000000000e+001 2.913099408e-005 
d 0.000000000e+000 0.000000000e+000 -3.048524854e-005 3.000000000e+000 3.000000000e+000 0.000000000e+000 9.500000000e+000 9.500000000e+000 0.000000000e+000 1.000000000e+001 1.000000000e+001 3.048524854e-005 
d 0.000000000e+000 0.000000000e+000 -3.183532438e-005 3.000000000e+000 3.000000000e+000 0.000000000e+000 1.000000000e+001 1.000000000e+001 0.000000000e+000 1.000000000e+001 1.000000000e+001 3.183532438e-005 
