v ATLAS
# This file was created by ATLAS version 5.26.1.R on Thu Nov 28 16:00:07 2019.
#SSF 2.0 generic
##############################################################################
#                    Copyright (c) 1984 - 2018                               #
#                    Silvaco Inc. All rights reserved                        #
#                                                                            #
# This file format and the following Key are copyright Silvaco Inc.          #
# You may not use, this format or key without reproducing this message in    #
# full and obtaining express written permission from Silvaco Inc.            #
#                                                                            #
# To obtain such permission please contact: Silvaco Inc.                     #
#                                           support@silvaco.com              #
#                                                                            #
# KEY=SVC86hn7562asdx                       PROD=345                         #
##############################################################################
y 1 15
z 300
f 4 "source" "gate1" "gate2" "drain" 
p 12 2 601 20 3 602 21 4 603 22 5 604 23 
d 0.000000000e+000 0.000000000e+000 -9.084004094e-007 -5.000000000e+000 -5.000000000e+000 0.000000000e+000 1.000000000e+000 1.000000000e+000 0.000000000e+000 1.000000000e+001 1.000000000e+001 9.084004099e-007 
d 0.000000000e+000 0.000000000e+000 -9.799500699e-007 -4.500000000e+000 -4.500000000e+000 0.000000000e+000 1.000000000e+000 1.000000000e+000 0.000000000e+000 1.000000000e+001 1.000000000e+001 9.799500705e-007 
d 0.000000000e+000 0.000000000e+000 -1.057944798e-006 -4.000000000e+000 -4.000000000e+000 0.000000000e+000 1.000000000e+000 1.000000000e+000 0.000000000e+000 1.000000000e+001 1.000000000e+001 1.057944798e-006 
d 0.000000000e+000 0.000000000e+000 -1.143509685e-006 -3.500000000e+000 -3.500000000e+000 0.000000000e+000 1.000000000e+000 1.000000000e+000 0.000000000e+000 1.000000000e+001 1.000000000e+001 1.143509684e-006 
d 0.000000000e+000 0.000000000e+000 -1.239506106e-006 -3.000000000e+000 -3.000000000e+000 0.000000000e+000 1.000000000e+000 1.000000000e+000 0.000000000e+000 1.000000000e+001 1.000000000e+001 1.239506106e-006 
d 0.000000000e+000 0.000000000e+000 -1.352440246e-006 -2.500000000e+000 -2.500000000e+000 0.000000000e+000 1.000000000e+000 1.000000000e+000 0.000000000e+000 1.000000000e+001 1.000000000e+001 1.352440246e-006 
d 0.000000000e+000 0.000000000e+000 -1.516511552e-006 -2.000000000e+000 -2.000000000e+000 0.000000000e+000 1.000000000e+000 1.000000000e+000 0.000000000e+000 1.000000000e+001 1.000000000e+001 1.516511552e-006 
d 0.000000000e+000 0.000000000e+000 -1.765406864e-006 -1.500000000e+000 -1.500000000e+000 0.000000000e+000 1.000000000e+000 1.000000000e+000 0.000000000e+000 1.000000000e+001 1.000000000e+001 1.765406864e-006 
d 0.000000000e+000 0.000000000e+000 -2.339065439e-006 -1.000000000e+000 -1.000000000e+000 0.000000000e+000 1.000000000e+000 1.000000000e+000 0.000000000e+000 1.000000000e+001 1.000000000e+001 2.339065439e-006 
d 0.000000000e+000 0.000000000e+000 -3.432472925e-006 -5.000000000e-001 -5.000000000e-001 0.000000000e+000 1.000000000e+000 1.000000000e+000 0.000000000e+000 1.000000000e+001 1.000000000e+001 3.432472925e-006 
d 0.000000000e+000 0.000000000e+000 -4.914570294e-006 5.510695461e-016 5.510695461e-016 0.000000000e+000 1.000000000e+000 1.000000000e+000 0.000000000e+000 1.000000000e+001 1.000000000e+001 4.914570294e-006 
d 0.000000000e+000 0.000000000e+000 -6.185745881e-006 5.000000000e-001 5.000000000e-001 0.000000000e+000 1.000000000e+000 1.000000000e+000 0.000000000e+000 1.000000000e+001 1.000000000e+001 6.185745881e-006 
d 0.000000000e+000 0.000000000e+000 -6.860146511e-006 1.000000000e+000 1.000000000e+000 0.000000000e+000 1.000000000e+000 1.000000000e+000 0.000000000e+000 1.000000000e+001 1.000000000e+001 6.860146511e-006 
d 0.000000000e+000 0.000000000e+000 -7.392097688e-006 1.500000000e+000 1.500000000e+000 0.000000000e+000 1.000000000e+000 1.000000000e+000 0.000000000e+000 1.000000000e+001 1.000000000e+001 7.392097688e-006 
d 0.000000000e+000 0.000000000e+000 -7.878898966e-006 2.000000000e+000 2.000000000e+000 0.000000000e+000 1.000000000e+000 1.000000000e+000 0.000000000e+000 1.000000000e+001 1.000000000e+001 7.878898967e-006 
d 0.000000000e+000 0.000000000e+000 -8.337479008e-006 2.500000000e+000 2.500000000e+000 0.000000000e+000 1.000000000e+000 1.000000000e+000 0.000000000e+000 1.000000000e+001 1.000000000e+001 8.337479008e-006 
d 0.000000000e+000 0.000000000e+000 -8.750089892e-006 3.000000000e+000 3.000000000e+000 0.000000000e+000 1.000000000e+000 1.000000000e+000 0.000000000e+000 1.000000000e+001 1.000000000e+001 8.750089892e-006 
d 0.000000000e+000 0.000000000e+000 -9.098472538e-006 3.500000000e+000 3.500000000e+000 0.000000000e+000 1.000000000e+000 1.000000000e+000 0.000000000e+000 1.000000000e+001 1.000000000e+001 9.098472538e-006 
d 0.000000000e+000 0.000000000e+000 -9.402009625e-006 4.000000000e+000 4.000000000e+000 0.000000000e+000 1.000000000e+000 1.000000000e+000 0.000000000e+000 1.000000000e+001 1.000000000e+001 9.402009625e-006 
d 0.000000000e+000 0.000000000e+000 -9.678429963e-006 4.500000000e+000 4.500000000e+000 0.000000000e+000 1.000000000e+000 1.000000000e+000 0.000000000e+000 1.000000000e+001 1.000000000e+001 9.678429963e-006 
d 0.000000000e+000 0.000000000e+000 -9.936262619e-006 5.000000000e+000 5.000000000e+000 0.000000000e+000 1.000000000e+000 1.000000000e+000 0.000000000e+000 1.000000000e+001 1.000000000e+001 9.936262620e-006 
d 0.000000000e+000 0.000000000e+000 -1.018048464e-005 5.500000000e+000 5.500000000e+000 0.000000000e+000 1.000000000e+000 1.000000000e+000 0.000000000e+000 1.000000000e+001 1.000000000e+001 1.018048464e-005 
d 0.000000000e+000 0.000000000e+000 -1.041399925e-005 6.000000000e+000 6.000000000e+000 0.000000000e+000 1.000000000e+000 1.000000000e+000 0.000000000e+000 1.000000000e+001 1.000000000e+001 1.041399925e-005 
d 0.000000000e+000 0.000000000e+000 -1.063859704e-005 6.500000000e+000 6.500000000e+000 0.000000000e+000 1.000000000e+000 1.000000000e+000 0.000000000e+000 1.000000000e+001 1.000000000e+001 1.063859704e-005 
d 0.000000000e+000 0.000000000e+000 -1.085558630e-005 7.000000000e+000 7.000000000e+000 0.000000000e+000 1.000000000e+000 1.000000000e+000 0.000000000e+000 1.000000000e+001 1.000000000e+001 1.085558630e-005 
d 0.000000000e+000 0.000000000e+000 -1.106610509e-005 7.500000000e+000 7.500000000e+000 0.000000000e+000 1.000000000e+000 1.000000000e+000 0.000000000e+000 1.000000000e+001 1.000000000e+001 1.106610509e-005 
d 0.000000000e+000 0.000000000e+000 -1.127096199e-005 8.000000000e+000 8.000000000e+000 0.000000000e+000 1.000000000e+000 1.000000000e+000 0.000000000e+000 1.000000000e+001 1.000000000e+001 1.127096199e-005 
d 0.000000000e+000 0.000000000e+000 -1.147082556e-005 8.500000000e+000 8.500000000e+000 0.000000000e+000 1.000000000e+000 1.000000000e+000 0.000000000e+000 1.000000000e+001 1.000000000e+001 1.147082556e-005 
d 0.000000000e+000 0.000000000e+000 -1.166621385e-005 9.000000000e+000 9.000000000e+000 0.000000000e+000 1.000000000e+000 1.000000000e+000 0.000000000e+000 1.000000000e+001 1.000000000e+001 1.166621385e-005 
d 0.000000000e+000 0.000000000e+000 -1.185756836e-005 9.500000000e+000 9.500000000e+000 0.000000000e+000 1.000000000e+000 1.000000000e+000 0.000000000e+000 1.000000000e+001 1.000000000e+001 1.185756836e-005 
d 0.000000000e+000 0.000000000e+000 -1.204527633e-005 1.000000000e+001 1.000000000e+001 0.000000000e+000 1.000000000e+000 1.000000000e+000 0.000000000e+000 1.000000000e+001 1.000000000e+001 1.204527633e-005 
