v ATLAS
# This file was created by ATLAS version 5.26.1.R on Thu Nov 28 14:58:27 2019.
#SSF 2.0 generic
##############################################################################
#                    Copyright (c) 1984 - 2018                               #
#                    Silvaco Inc. All rights reserved                        #
#                                                                            #
# This file format and the following Key are copyright Silvaco Inc.          #
# You may not use, this format or key without reproducing this message in    #
# full and obtaining express written permission from Silvaco Inc.            #
#                                                                            #
# To obtain such permission please contact: Silvaco Inc.                     #
#                                           support@silvaco.com              #
#                                                                            #
# KEY=SVC86hn7562asdx                       PROD=345                         #
##############################################################################
y 1 15
z 300
f 4 "source" "gate1" "gate2" "drain" 
p 12 2 601 20 3 602 21 4 603 22 5 604 23 
d 0.000000000e+000 0.000000000e+000 -4.960214214e-007 0.000000000e+000 0.000000000e+000 0.000000000e+000 -5.000000000e+000 -5.000000000e+000 0.000000000e+000 1.000000000e+001 1.000000000e+001 4.960214208e-007 
d 0.000000000e+000 0.000000000e+000 -5.482526843e-007 0.000000000e+000 0.000000000e+000 0.000000000e+000 -4.500000000e+000 -4.500000000e+000 0.000000000e+000 1.000000000e+001 1.000000000e+001 5.482526845e-007 
d 0.000000000e+000 0.000000000e+000 -6.120651110e-007 0.000000000e+000 0.000000000e+000 0.000000000e+000 -4.000000000e+000 -4.000000000e+000 0.000000000e+000 1.000000000e+001 1.000000000e+001 6.120651109e-007 
d 0.000000000e+000 0.000000000e+000 -6.949774093e-007 0.000000000e+000 0.000000000e+000 0.000000000e+000 -3.500000000e+000 -3.500000000e+000 0.000000000e+000 1.000000000e+001 1.000000000e+001 6.949774095e-007 
d 0.000000000e+000 0.000000000e+000 -8.026185377e-007 0.000000000e+000 0.000000000e+000 0.000000000e+000 -3.000000000e+000 -3.000000000e+000 0.000000000e+000 1.000000000e+001 1.000000000e+001 8.026185374e-007 
d 0.000000000e+000 0.000000000e+000 -9.501475267e-007 0.000000000e+000 0.000000000e+000 0.000000000e+000 -2.500000000e+000 -2.500000000e+000 0.000000000e+000 1.000000000e+001 1.000000000e+001 9.501475267e-007 
d 0.000000000e+000 0.000000000e+000 -1.164537856e-006 0.000000000e+000 0.000000000e+000 0.000000000e+000 -2.000000000e+000 -2.000000000e+000 0.000000000e+000 1.000000000e+001 1.000000000e+001 1.164537856e-006 
d 0.000000000e+000 0.000000000e+000 -1.517482731e-006 0.000000000e+000 0.000000000e+000 0.000000000e+000 -1.500000000e+000 -1.500000000e+000 0.000000000e+000 1.000000000e+001 1.000000000e+001 1.517482732e-006 
d 0.000000000e+000 0.000000000e+000 -2.062186099e-006 0.000000000e+000 0.000000000e+000 0.000000000e+000 -1.000000000e+000 -1.000000000e+000 0.000000000e+000 1.000000000e+001 1.000000000e+001 2.062186099e-006 
d 0.000000000e+000 0.000000000e+000 -2.689412863e-006 0.000000000e+000 0.000000000e+000 0.000000000e+000 -5.000000000e-001 -5.000000000e-001 0.000000000e+000 1.000000000e+001 1.000000000e+001 2.689412863e-006 
d 0.000000000e+000 0.000000000e+000 -3.378764365e-006 0.000000000e+000 0.000000000e+000 0.000000000e+000 5.510695461e-016 5.510695461e-016 0.000000000e+000 1.000000000e+001 1.000000000e+001 3.378764365e-006 
d 0.000000000e+000 0.000000000e+000 -4.122646540e-006 0.000000000e+000 0.000000000e+000 0.000000000e+000 5.000000000e-001 5.000000000e-001 0.000000000e+000 1.000000000e+001 1.000000000e+001 4.122646540e-006 
d 0.000000000e+000 0.000000000e+000 -4.916872329e-006 0.000000000e+000 0.000000000e+000 0.000000000e+000 1.000000000e+000 1.000000000e+000 0.000000000e+000 1.000000000e+001 1.000000000e+001 4.916872330e-006 
d 0.000000000e+000 0.000000000e+000 -5.758835666e-006 0.000000000e+000 0.000000000e+000 0.000000000e+000 1.500000000e+000 1.500000000e+000 0.000000000e+000 1.000000000e+001 1.000000000e+001 5.758835667e-006 
d 0.000000000e+000 0.000000000e+000 -6.646799240e-006 0.000000000e+000 0.000000000e+000 0.000000000e+000 2.000000000e+000 2.000000000e+000 0.000000000e+000 1.000000000e+001 1.000000000e+001 6.646799240e-006 
d 0.000000000e+000 0.000000000e+000 -7.580025906e-006 0.000000000e+000 0.000000000e+000 0.000000000e+000 2.500000000e+000 2.500000000e+000 0.000000000e+000 1.000000000e+001 1.000000000e+001 7.580025906e-006 
d 0.000000000e+000 0.000000000e+000 -8.548979647e-006 0.000000000e+000 0.000000000e+000 0.000000000e+000 3.000000000e+000 3.000000000e+000 0.000000000e+000 1.000000000e+001 1.000000000e+001 8.548979647e-006 
d 0.000000000e+000 0.000000000e+000 -9.553676837e-006 0.000000000e+000 0.000000000e+000 0.000000000e+000 3.500000000e+000 3.500000000e+000 0.000000000e+000 1.000000000e+001 1.000000000e+001 9.553676838e-006 
d 0.000000000e+000 0.000000000e+000 -1.059002620e-005 0.000000000e+000 0.000000000e+000 0.000000000e+000 4.000000000e+000 4.000000000e+000 0.000000000e+000 1.000000000e+001 1.000000000e+001 1.059002620e-005 
d 0.000000000e+000 0.000000000e+000 -1.165432318e-005 0.000000000e+000 0.000000000e+000 0.000000000e+000 4.500000000e+000 4.500000000e+000 0.000000000e+000 1.000000000e+001 1.000000000e+001 1.165432318e-005 
d 0.000000000e+000 0.000000000e+000 -1.274145695e-005 0.000000000e+000 0.000000000e+000 0.000000000e+000 5.000000000e+000 5.000000000e+000 0.000000000e+000 1.000000000e+001 1.000000000e+001 1.274145695e-005 
d 0.000000000e+000 0.000000000e+000 -1.384505245e-005 0.000000000e+000 0.000000000e+000 0.000000000e+000 5.500000000e+000 5.500000000e+000 0.000000000e+000 1.000000000e+001 1.000000000e+001 1.384505245e-005 
d 0.000000000e+000 0.000000000e+000 -1.496071492e-005 0.000000000e+000 0.000000000e+000 0.000000000e+000 6.000000000e+000 6.000000000e+000 0.000000000e+000 1.000000000e+001 1.000000000e+001 1.496071492e-005 
d 0.000000000e+000 0.000000000e+000 -1.608235717e-005 0.000000000e+000 0.000000000e+000 0.000000000e+000 6.500000000e+000 6.500000000e+000 0.000000000e+000 1.000000000e+001 1.000000000e+001 1.608235717e-005 
d 0.000000000e+000 0.000000000e+000 -1.714819569e-005 0.000000000e+000 0.000000000e+000 0.000000000e+000 7.000000000e+000 7.000000000e+000 0.000000000e+000 1.000000000e+001 1.000000000e+001 1.714819569e-005 
d 0.000000000e+000 0.000000000e+000 -1.821634895e-005 0.000000000e+000 0.000000000e+000 0.000000000e+000 7.500000000e+000 7.500000000e+000 0.000000000e+000 1.000000000e+001 1.000000000e+001 1.821634895e-005 
d 0.000000000e+000 0.000000000e+000 -1.929200633e-005 0.000000000e+000 0.000000000e+000 0.000000000e+000 8.000000000e+000 8.000000000e+000 0.000000000e+000 1.000000000e+001 1.000000000e+001 1.929200633e-005 
d 0.000000000e+000 0.000000000e+000 -2.036629907e-005 0.000000000e+000 0.000000000e+000 0.000000000e+000 8.500000000e+000 8.500000000e+000 0.000000000e+000 1.000000000e+001 1.000000000e+001 2.036629907e-005 
d 0.000000000e+000 0.000000000e+000 -2.151073213e-005 0.000000000e+000 0.000000000e+000 0.000000000e+000 9.000000000e+000 9.000000000e+000 0.000000000e+000 1.000000000e+001 1.000000000e+001 2.151073213e-005 
d 0.000000000e+000 0.000000000e+000 -2.265677419e-005 0.000000000e+000 0.000000000e+000 0.000000000e+000 9.500000000e+000 9.500000000e+000 0.000000000e+000 1.000000000e+001 1.000000000e+001 2.265677419e-005 
d 0.000000000e+000 0.000000000e+000 -2.380070300e-005 0.000000000e+000 0.000000000e+000 0.000000000e+000 1.000000000e+001 1.000000000e+001 0.000000000e+000 1.000000000e+001 1.000000000e+001 2.380070300e-005 
