v ATLAS
# This file was created by ATLAS version 5.26.1.R on Thu Nov 28 15:57:01 2019.
#SSF 2.0 generic
##############################################################################
#                    Copyright (c) 1984 - 2018                               #
#                    Silvaco Inc. All rights reserved                        #
#                                                                            #
# This file format and the following Key are copyright Silvaco Inc.          #
# You may not use, this format or key without reproducing this message in    #
# full and obtaining express written permission from Silvaco Inc.            #
#                                                                            #
# To obtain such permission please contact: Silvaco Inc.                     #
#                                           support@silvaco.com              #
#                                                                            #
# KEY=SVC86hn7562asdx                       PROD=345                         #
##############################################################################
y 1 15
z 300
f 4 "source" "gate1" "gate2" "drain" 
p 12 2 601 20 3 602 21 4 603 22 5 604 23 
d 0.000000000e+000 0.000000000e+000 -7.685838995e-007 -2.500000000e+000 -2.500000000e+000 0.000000000e+000 0.000000000e+000 0.000000000e+000 0.000000000e+000 1.000000000e+001 1.000000000e+001 7.685838988e-007 
d 0.000000000e+000 0.000000000e+000 -6.161771751e-007 -3.750000000e+000 -3.750000000e+000 0.000000000e+000 0.000000000e+000 0.000000000e+000 0.000000000e+000 1.000000000e+001 1.000000000e+001 6.161771756e-007 
d 0.000000000e+000 0.000000000e+000 -5.003459092e-007 -5.000000000e+000 -5.000000000e+000 0.000000000e+000 0.000000000e+000 0.000000000e+000 0.000000000e+000 1.000000000e+001 1.000000000e+001 5.003459089e-007 
d 0.000000000e+000 0.000000000e+000 -5.472881769e-007 -4.500000000e+000 -4.500000000e+000 0.000000000e+000 0.000000000e+000 0.000000000e+000 0.000000000e+000 1.000000000e+001 1.000000000e+001 5.472881766e-007 
d 0.000000000e+000 0.000000000e+000 -5.996749309e-007 -4.000000000e+000 -4.000000000e+000 0.000000000e+000 0.000000000e+000 0.000000000e+000 0.000000000e+000 1.000000000e+001 1.000000000e+001 5.996749309e-007 
d 0.000000000e+000 0.000000000e+000 -6.584372265e-007 -3.500000000e+000 -3.500000000e+000 0.000000000e+000 0.000000000e+000 0.000000000e+000 0.000000000e+000 1.000000000e+001 1.000000000e+001 6.584372264e-007 
d 0.000000000e+000 0.000000000e+000 -7.255801427e-007 -3.000000000e+000 -3.000000000e+000 0.000000000e+000 0.000000000e+000 0.000000000e+000 0.000000000e+000 1.000000000e+001 1.000000000e+001 7.255801429e-007 
d 0.000000000e+000 0.000000000e+000 -8.050613563e-007 -2.500000000e+000 -2.500000000e+000 0.000000000e+000 0.000000000e+000 0.000000000e+000 0.000000000e+000 1.000000000e+001 1.000000000e+001 8.050613562e-007 
d 0.000000000e+000 0.000000000e+000 -9.139569451e-007 -2.000000000e+000 -2.000000000e+000 0.000000000e+000 0.000000000e+000 0.000000000e+000 0.000000000e+000 1.000000000e+001 1.000000000e+001 9.139569448e-007 
d 0.000000000e+000 0.000000000e+000 -1.072773716e-006 -1.500000000e+000 -1.500000000e+000 0.000000000e+000 0.000000000e+000 0.000000000e+000 0.000000000e+000 1.000000000e+001 1.000000000e+001 1.072773716e-006 
d 0.000000000e+000 0.000000000e+000 -1.424074865e-006 -1.000000000e+000 -1.000000000e+000 0.000000000e+000 0.000000000e+000 0.000000000e+000 0.000000000e+000 1.000000000e+001 1.000000000e+001 1.424074865e-006 
d 0.000000000e+000 0.000000000e+000 -2.245214330e-006 -5.000000000e-001 -5.000000000e-001 0.000000000e+000 0.000000000e+000 0.000000000e+000 0.000000000e+000 1.000000000e+001 1.000000000e+001 2.245214330e-006 
d 0.000000000e+000 0.000000000e+000 -3.445447542e-006 5.510695461e-016 5.510695461e-016 0.000000000e+000 0.000000000e+000 0.000000000e+000 0.000000000e+000 1.000000000e+001 1.000000000e+001 3.445447542e-006 
d 0.000000000e+000 0.000000000e+000 -4.535045122e-006 5.000000000e-001 5.000000000e-001 0.000000000e+000 0.000000000e+000 0.000000000e+000 0.000000000e+000 1.000000000e+001 1.000000000e+001 4.535045122e-006 
d 0.000000000e+000 0.000000000e+000 -5.102147862e-006 1.000000000e+000 1.000000000e+000 0.000000000e+000 0.000000000e+000 0.000000000e+000 0.000000000e+000 1.000000000e+001 1.000000000e+001 5.102147861e-006 
d 0.000000000e+000 0.000000000e+000 -5.555513758e-006 1.500000000e+000 1.500000000e+000 0.000000000e+000 0.000000000e+000 0.000000000e+000 0.000000000e+000 1.000000000e+001 1.000000000e+001 5.555513758e-006 
d 0.000000000e+000 0.000000000e+000 -5.976814874e-006 2.000000000e+000 2.000000000e+000 0.000000000e+000 0.000000000e+000 0.000000000e+000 0.000000000e+000 1.000000000e+001 1.000000000e+001 5.976814874e-006 
d 0.000000000e+000 0.000000000e+000 -6.372708517e-006 2.500000000e+000 2.500000000e+000 0.000000000e+000 0.000000000e+000 0.000000000e+000 0.000000000e+000 1.000000000e+001 1.000000000e+001 6.372708517e-006 
d 0.000000000e+000 0.000000000e+000 -6.712567279e-006 3.000000000e+000 3.000000000e+000 0.000000000e+000 0.000000000e+000 0.000000000e+000 0.000000000e+000 1.000000000e+001 1.000000000e+001 6.712567280e-006 
d 0.000000000e+000 0.000000000e+000 -6.993987245e-006 3.500000000e+000 3.500000000e+000 0.000000000e+000 0.000000000e+000 0.000000000e+000 0.000000000e+000 1.000000000e+001 1.000000000e+001 6.993987245e-006 
d 0.000000000e+000 0.000000000e+000 -7.242972998e-006 4.000000000e+000 4.000000000e+000 0.000000000e+000 0.000000000e+000 0.000000000e+000 0.000000000e+000 1.000000000e+001 1.000000000e+001 7.242972998e-006 
d 0.000000000e+000 0.000000000e+000 -7.472047495e-006 4.500000000e+000 4.500000000e+000 0.000000000e+000 0.000000000e+000 0.000000000e+000 0.000000000e+000 1.000000000e+001 1.000000000e+001 7.472047495e-006 
d 0.000000000e+000 0.000000000e+000 -7.686682812e-006 5.000000000e+000 5.000000000e+000 0.000000000e+000 0.000000000e+000 0.000000000e+000 0.000000000e+000 1.000000000e+001 1.000000000e+001 7.686682812e-006 
d 0.000000000e+000 0.000000000e+000 -7.890274578e-006 5.500000000e+000 5.500000000e+000 0.000000000e+000 0.000000000e+000 0.000000000e+000 0.000000000e+000 1.000000000e+001 1.000000000e+001 7.890274577e-006 
d 0.000000000e+000 0.000000000e+000 -8.084897164e-006 6.000000000e+000 6.000000000e+000 0.000000000e+000 0.000000000e+000 0.000000000e+000 0.000000000e+000 1.000000000e+001 1.000000000e+001 8.084897164e-006 
d 0.000000000e+000 0.000000000e+000 -8.272351738e-006 6.500000000e+000 6.500000000e+000 0.000000000e+000 0.000000000e+000 0.000000000e+000 0.000000000e+000 1.000000000e+001 1.000000000e+001 8.272351738e-006 
d 0.000000000e+000 0.000000000e+000 -8.453776438e-006 7.000000000e+000 7.000000000e+000 0.000000000e+000 0.000000000e+000 0.000000000e+000 0.000000000e+000 1.000000000e+001 1.000000000e+001 8.453776438e-006 
d 0.000000000e+000 0.000000000e+000 -8.629889528e-006 7.500000000e+000 7.500000000e+000 0.000000000e+000 0.000000000e+000 0.000000000e+000 0.000000000e+000 1.000000000e+001 1.000000000e+001 8.629889528e-006 
d 0.000000000e+000 0.000000000e+000 -8.801363153e-006 8.000000000e+000 8.000000000e+000 0.000000000e+000 0.000000000e+000 0.000000000e+000 0.000000000e+000 1.000000000e+001 1.000000000e+001 8.801363154e-006 
d 0.000000000e+000 0.000000000e+000 -8.968780498e-006 8.500000000e+000 8.500000000e+000 0.000000000e+000 0.000000000e+000 0.000000000e+000 0.000000000e+000 1.000000000e+001 1.000000000e+001 8.968780498e-006 
d 0.000000000e+000 0.000000000e+000 -9.132422532e-006 9.000000000e+000 9.000000000e+000 0.000000000e+000 0.000000000e+000 0.000000000e+000 0.000000000e+000 1.000000000e+001 1.000000000e+001 9.132422532e-006 
d 0.000000000e+000 0.000000000e+000 -9.292717382e-006 9.500000000e+000 9.500000000e+000 0.000000000e+000 0.000000000e+000 0.000000000e+000 0.000000000e+000 1.000000000e+001 1.000000000e+001 9.292717382e-006 
d 0.000000000e+000 0.000000000e+000 -9.449912866e-006 1.000000000e+001 1.000000000e+001 0.000000000e+000 0.000000000e+000 0.000000000e+000 0.000000000e+000 1.000000000e+001 1.000000000e+001 9.449912867e-006 
