v ATLAS
# This file was created by ATLAS version 5.26.1.R on Thu Nov 28 16:10:29 2019.
#SSF 2.0 generic
##############################################################################
#                    Copyright (c) 1984 - 2018                               #
#                    Silvaco Inc. All rights reserved                        #
#                                                                            #
# This file format and the following Key are copyright Silvaco Inc.          #
# You may not use, this format or key without reproducing this message in    #
# full and obtaining express written permission from Silvaco Inc.            #
#                                                                            #
# To obtain such permission please contact: Silvaco Inc.                     #
#                                           support@silvaco.com              #
#                                                                            #
# KEY=SVC86hn7562asdx                       PROD=345                         #
##############################################################################
y 1 15
z 300
f 4 "source" "gate1" "gate2" "drain" 
p 12 2 601 20 3 602 21 4 603 22 5 604 23 
d 0.000000000e+000 0.000000000e+000 -2.212732871e-006 -1.250000000e+000 -1.250000000e+000 0.000000000e+000 1.250000000e+000 1.250000000e+000 0.000000000e+000 1.000000000e+001 1.000000000e+001 2.212732871e-006 
d 0.000000000e+000 0.000000000e+000 -2.463189810e-006 -2.500000000e+000 -2.500000000e+000 0.000000000e+000 2.500000000e+000 2.500000000e+000 0.000000000e+000 1.000000000e+001 1.000000000e+001 2.463189810e-006 
d 0.000000000e+000 0.000000000e+000 -4.068496439e-006 -5.000000000e+000 -5.000000000e+000 0.000000000e+000 5.000000000e+000 5.000000000e+000 0.000000000e+000 1.000000000e+001 1.000000000e+001 4.068496439e-006 
d 0.000000000e+000 0.000000000e+000 -4.278077095e-006 -4.500000000e+000 -4.500000000e+000 0.000000000e+000 5.000000000e+000 5.000000000e+000 0.000000000e+000 1.000000000e+001 1.000000000e+001 4.278077095e-006 
d 0.000000000e+000 0.000000000e+000 -4.512850334e-006 -4.000000000e+000 -4.000000000e+000 0.000000000e+000 5.000000000e+000 5.000000000e+000 0.000000000e+000 1.000000000e+001 1.000000000e+001 4.512850334e-006 
d 0.000000000e+000 0.000000000e+000 -4.772355779e-006 -3.500000000e+000 -3.500000000e+000 0.000000000e+000 5.000000000e+000 5.000000000e+000 0.000000000e+000 1.000000000e+001 1.000000000e+001 4.772355779e-006 
d 0.000000000e+000 0.000000000e+000 -5.062628709e-006 -3.000000000e+000 -3.000000000e+000 0.000000000e+000 5.000000000e+000 5.000000000e+000 0.000000000e+000 1.000000000e+001 1.000000000e+001 5.062628709e-006 
d 0.000000000e+000 0.000000000e+000 -5.407920638e-006 -2.500000000e+000 -2.500000000e+000 0.000000000e+000 5.000000000e+000 5.000000000e+000 0.000000000e+000 1.000000000e+001 1.000000000e+001 5.407920638e-006 
d 0.000000000e+000 0.000000000e+000 -5.888262338e-006 -2.000000000e+000 -2.000000000e+000 0.000000000e+000 5.000000000e+000 5.000000000e+000 0.000000000e+000 1.000000000e+001 1.000000000e+001 5.888262338e-006 
d 0.000000000e+000 0.000000000e+000 -6.779654600e-006 -1.500000000e+000 -1.500000000e+000 0.000000000e+000 5.000000000e+000 5.000000000e+000 0.000000000e+000 1.000000000e+001 1.000000000e+001 6.779654600e-006 
d 0.000000000e+000 0.000000000e+000 -8.431281501e-006 -1.000000000e+000 -1.000000000e+000 0.000000000e+000 5.000000000e+000 5.000000000e+000 0.000000000e+000 1.000000000e+001 1.000000000e+001 8.431281501e-006 
d 0.000000000e+000 0.000000000e+000 -1.047566423e-005 -5.000000000e-001 -5.000000000e-001 0.000000000e+000 5.000000000e+000 5.000000000e+000 0.000000000e+000 1.000000000e+001 1.000000000e+001 1.047566423e-005 
d 0.000000000e+000 0.000000000e+000 -1.282435412e-005 5.510695461e-016 5.510695461e-016 0.000000000e+000 5.000000000e+000 5.000000000e+000 0.000000000e+000 1.000000000e+001 1.000000000e+001 1.282435412e-005 
d 0.000000000e+000 0.000000000e+000 -1.467157415e-005 5.000000000e-001 5.000000000e-001 0.000000000e+000 5.000000000e+000 5.000000000e+000 0.000000000e+000 1.000000000e+001 1.000000000e+001 1.467157415e-005 
d 0.000000000e+000 0.000000000e+000 -1.579258098e-005 1.000000000e+000 1.000000000e+000 0.000000000e+000 5.000000000e+000 5.000000000e+000 0.000000000e+000 1.000000000e+001 1.000000000e+001 1.579258098e-005 
d 0.000000000e+000 0.000000000e+000 -1.663998540e-005 1.500000000e+000 1.500000000e+000 0.000000000e+000 5.000000000e+000 5.000000000e+000 0.000000000e+000 1.000000000e+001 1.000000000e+001 1.663998540e-005 
d 0.000000000e+000 0.000000000e+000 -1.737541189e-005 2.000000000e+000 2.000000000e+000 0.000000000e+000 5.000000000e+000 5.000000000e+000 0.000000000e+000 1.000000000e+001 1.000000000e+001 1.737541189e-005 
d 0.000000000e+000 0.000000000e+000 -1.805540912e-005 2.500000000e+000 2.500000000e+000 0.000000000e+000 5.000000000e+000 5.000000000e+000 0.000000000e+000 1.000000000e+001 1.000000000e+001 1.805540912e-005 
d 0.000000000e+000 0.000000000e+000 -1.870237188e-005 3.000000000e+000 3.000000000e+000 0.000000000e+000 5.000000000e+000 5.000000000e+000 0.000000000e+000 1.000000000e+001 1.000000000e+001 1.870237188e-005 
d 0.000000000e+000 0.000000000e+000 -1.932679551e-005 3.500000000e+000 3.500000000e+000 0.000000000e+000 5.000000000e+000 5.000000000e+000 0.000000000e+000 1.000000000e+001 1.000000000e+001 1.932679551e-005 
d 0.000000000e+000 0.000000000e+000 -1.993411139e-005 4.000000000e+000 4.000000000e+000 0.000000000e+000 5.000000000e+000 5.000000000e+000 0.000000000e+000 1.000000000e+001 1.000000000e+001 1.993411139e-005 
d 0.000000000e+000 0.000000000e+000 -2.053054911e-005 4.500000000e+000 4.500000000e+000 0.000000000e+000 5.000000000e+000 5.000000000e+000 0.000000000e+000 1.000000000e+001 1.000000000e+001 2.053054911e-005 
d 0.000000000e+000 0.000000000e+000 -2.110871211e-005 5.000000000e+000 5.000000000e+000 0.000000000e+000 5.000000000e+000 5.000000000e+000 0.000000000e+000 1.000000000e+001 1.000000000e+001 2.110871211e-005 
d 0.000000000e+000 0.000000000e+000 -2.165633199e-005 5.500000000e+000 5.500000000e+000 0.000000000e+000 5.000000000e+000 5.000000000e+000 0.000000000e+000 1.000000000e+001 1.000000000e+001 2.165633199e-005 
d 0.000000000e+000 0.000000000e+000 -2.215685011e-005 6.000000000e+000 6.000000000e+000 0.000000000e+000 5.000000000e+000 5.000000000e+000 0.000000000e+000 1.000000000e+001 1.000000000e+001 2.215685011e-005 
d 0.000000000e+000 0.000000000e+000 -2.261149265e-005 6.500000000e+000 6.500000000e+000 0.000000000e+000 5.000000000e+000 5.000000000e+000 0.000000000e+000 1.000000000e+001 1.000000000e+001 2.261149265e-005 
d 0.000000000e+000 0.000000000e+000 -2.303231396e-005 7.000000000e+000 7.000000000e+000 0.000000000e+000 5.000000000e+000 5.000000000e+000 0.000000000e+000 1.000000000e+001 1.000000000e+001 2.303231396e-005 
d 0.000000000e+000 0.000000000e+000 -2.342853437e-005 7.500000000e+000 7.500000000e+000 0.000000000e+000 5.000000000e+000 5.000000000e+000 0.000000000e+000 1.000000000e+001 1.000000000e+001 2.342853437e-005 
d 0.000000000e+000 0.000000000e+000 -2.380607949e-005 8.000000000e+000 8.000000000e+000 0.000000000e+000 5.000000000e+000 5.000000000e+000 0.000000000e+000 1.000000000e+001 1.000000000e+001 2.380607949e-005 
d 0.000000000e+000 0.000000000e+000 -2.416882263e-005 8.500000000e+000 8.500000000e+000 0.000000000e+000 5.000000000e+000 5.000000000e+000 0.000000000e+000 1.000000000e+001 1.000000000e+001 2.416882263e-005 
d 0.000000000e+000 0.000000000e+000 -2.451944218e-005 9.000000000e+000 9.000000000e+000 0.000000000e+000 5.000000000e+000 5.000000000e+000 0.000000000e+000 1.000000000e+001 1.000000000e+001 2.451944218e-005 
d 0.000000000e+000 0.000000000e+000 -2.485959779e-005 9.500000000e+000 9.500000000e+000 0.000000000e+000 5.000000000e+000 5.000000000e+000 0.000000000e+000 1.000000000e+001 1.000000000e+001 2.485959779e-005 
d 0.000000000e+000 0.000000000e+000 -2.519059846e-005 1.000000000e+001 1.000000000e+001 0.000000000e+000 5.000000000e+000 5.000000000e+000 0.000000000e+000 1.000000000e+001 1.000000000e+001 2.519059846e-005 
