v ATLAS
# This file was created by ATLAS version 5.26.1.R on Thu Nov 28 16:04:44 2019.
#SSF 2.0 generic
##############################################################################
#                    Copyright (c) 1984 - 2018                               #
#                    Silvaco Inc. All rights reserved                        #
#                                                                            #
# This file format and the following Key are copyright Silvaco Inc.          #
# You may not use, this format or key without reproducing this message in    #
# full and obtaining express written permission from Silvaco Inc.            #
#                                                                            #
# To obtain such permission please contact: Silvaco Inc.                     #
#                                           support@silvaco.com              #
#                                                                            #
# KEY=SVC86hn7562asdx                       PROD=345                         #
##############################################################################
y 1 15
z 300
f 4 "source" "gate1" "gate2" "drain" 
p 12 2 601 20 3 602 21 4 603 22 5 604 23 
d 0.000000000e+000 0.000000000e+000 -1.691974515e-006 -2.500000000e+000 -2.500000000e+000 0.000000000e+000 1.500000000e+000 1.500000000e+000 0.000000000e+000 1.000000000e+001 1.000000000e+001 1.691974515e-006 
d 0.000000000e+000 0.000000000e+000 -1.878068320e-006 -3.750000000e+000 -3.750000000e+000 0.000000000e+000 2.250000000e+000 2.250000000e+000 0.000000000e+000 1.000000000e+001 1.000000000e+001 1.878068319e-006 
d 0.000000000e+000 0.000000000e+000 -2.143193528e-006 -5.000000000e+000 -5.000000000e+000 0.000000000e+000 3.000000000e+000 3.000000000e+000 0.000000000e+000 1.000000000e+001 1.000000000e+001 2.143193528e-006 
d 0.000000000e+000 0.000000000e+000 -2.264277992e-006 -4.500000000e+000 -4.500000000e+000 0.000000000e+000 3.000000000e+000 3.000000000e+000 0.000000000e+000 1.000000000e+001 1.000000000e+001 2.264277992e-006 
d 0.000000000e+000 0.000000000e+000 -2.393637108e-006 -4.000000000e+000 -4.000000000e+000 0.000000000e+000 3.000000000e+000 3.000000000e+000 0.000000000e+000 1.000000000e+001 1.000000000e+001 2.393637108e-006 
d 0.000000000e+000 0.000000000e+000 -2.543763311e-006 -3.500000000e+000 -3.500000000e+000 0.000000000e+000 3.000000000e+000 3.000000000e+000 0.000000000e+000 1.000000000e+001 1.000000000e+001 2.543763311e-006 
d 0.000000000e+000 0.000000000e+000 -2.731518341e-006 -3.000000000e+000 -3.000000000e+000 0.000000000e+000 3.000000000e+000 3.000000000e+000 0.000000000e+000 1.000000000e+001 1.000000000e+001 2.731518341e-006 
d 0.000000000e+000 0.000000000e+000 -2.960852303e-006 -2.500000000e+000 -2.500000000e+000 0.000000000e+000 3.000000000e+000 3.000000000e+000 0.000000000e+000 1.000000000e+001 1.000000000e+001 2.960852303e-006 
d 0.000000000e+000 0.000000000e+000 -3.283685925e-006 -2.000000000e+000 -2.000000000e+000 0.000000000e+000 3.000000000e+000 3.000000000e+000 0.000000000e+000 1.000000000e+001 1.000000000e+001 3.283685925e-006 
d 0.000000000e+000 0.000000000e+000 -3.797797731e-006 -1.500000000e+000 -1.500000000e+000 0.000000000e+000 3.000000000e+000 3.000000000e+000 0.000000000e+000 1.000000000e+001 1.000000000e+001 3.797797731e-006 
d 0.000000000e+000 0.000000000e+000 -4.984917500e-006 -1.000000000e+000 -1.000000000e+000 0.000000000e+000 3.000000000e+000 3.000000000e+000 0.000000000e+000 1.000000000e+001 1.000000000e+001 4.984917500e-006 
d 0.000000000e+000 0.000000000e+000 -6.588835533e-006 -5.000000000e-001 -5.000000000e-001 0.000000000e+000 3.000000000e+000 3.000000000e+000 0.000000000e+000 1.000000000e+001 1.000000000e+001 6.588835533e-006 
d 0.000000000e+000 0.000000000e+000 -8.566776653e-006 5.510695461e-016 5.510695461e-016 0.000000000e+000 3.000000000e+000 3.000000000e+000 0.000000000e+000 1.000000000e+001 1.000000000e+001 8.566776653e-006 
d 0.000000000e+000 0.000000000e+000 -1.016269056e-005 5.000000000e-001 5.000000000e-001 0.000000000e+000 3.000000000e+000 3.000000000e+000 0.000000000e+000 1.000000000e+001 1.000000000e+001 1.016269056e-005 
d 0.000000000e+000 0.000000000e+000 -1.106121372e-005 1.000000000e+000 1.000000000e+000 0.000000000e+000 3.000000000e+000 3.000000000e+000 0.000000000e+000 1.000000000e+001 1.000000000e+001 1.106121372e-005 
d 0.000000000e+000 0.000000000e+000 -1.175048313e-005 1.500000000e+000 1.500000000e+000 0.000000000e+000 3.000000000e+000 3.000000000e+000 0.000000000e+000 1.000000000e+001 1.000000000e+001 1.175048314e-005 
d 0.000000000e+000 0.000000000e+000 -1.236369528e-005 2.000000000e+000 2.000000000e+000 0.000000000e+000 3.000000000e+000 3.000000000e+000 0.000000000e+000 1.000000000e+001 1.000000000e+001 1.236369528e-005 
d 0.000000000e+000 0.000000000e+000 -1.293922137e-005 2.500000000e+000 2.500000000e+000 0.000000000e+000 3.000000000e+000 3.000000000e+000 0.000000000e+000 1.000000000e+001 1.000000000e+001 1.293922137e-005 
d 0.000000000e+000 0.000000000e+000 -1.349021273e-005 3.000000000e+000 3.000000000e+000 0.000000000e+000 3.000000000e+000 3.000000000e+000 0.000000000e+000 1.000000000e+001 1.000000000e+001 1.349021273e-005 
d 0.000000000e+000 0.000000000e+000 -1.401842621e-005 3.500000000e+000 3.500000000e+000 0.000000000e+000 3.000000000e+000 3.000000000e+000 0.000000000e+000 1.000000000e+001 1.000000000e+001 1.401842621e-005 
d 0.000000000e+000 0.000000000e+000 -1.451166869e-005 4.000000000e+000 4.000000000e+000 0.000000000e+000 3.000000000e+000 3.000000000e+000 0.000000000e+000 1.000000000e+001 1.000000000e+001 1.451166869e-005 
d 0.000000000e+000 0.000000000e+000 -1.494948346e-005 4.500000000e+000 4.500000000e+000 0.000000000e+000 3.000000000e+000 3.000000000e+000 0.000000000e+000 1.000000000e+001 1.000000000e+001 1.494948346e-005 
d 0.000000000e+000 0.000000000e+000 -1.533640129e-005 5.000000000e+000 5.000000000e+000 0.000000000e+000 3.000000000e+000 3.000000000e+000 0.000000000e+000 1.000000000e+001 1.000000000e+001 1.533640129e-005 
d 0.000000000e+000 0.000000000e+000 -1.568915256e-005 5.500000000e+000 5.500000000e+000 0.000000000e+000 3.000000000e+000 3.000000000e+000 0.000000000e+000 1.000000000e+001 1.000000000e+001 1.568915256e-005 
d 0.000000000e+000 0.000000000e+000 -1.601816235e-005 6.000000000e+000 6.000000000e+000 0.000000000e+000 3.000000000e+000 3.000000000e+000 0.000000000e+000 1.000000000e+001 1.000000000e+001 1.601816235e-005 
d 0.000000000e+000 0.000000000e+000 -1.632922265e-005 6.500000000e+000 6.500000000e+000 0.000000000e+000 3.000000000e+000 3.000000000e+000 0.000000000e+000 1.000000000e+001 1.000000000e+001 1.632922266e-005 
d 0.000000000e+000 0.000000000e+000 -1.662594921e-005 7.000000000e+000 7.000000000e+000 0.000000000e+000 3.000000000e+000 3.000000000e+000 0.000000000e+000 1.000000000e+001 1.000000000e+001 1.662594921e-005 
d 0.000000000e+000 0.000000000e+000 -1.691088664e-005 7.500000000e+000 7.500000000e+000 0.000000000e+000 3.000000000e+000 3.000000000e+000 0.000000000e+000 1.000000000e+001 1.000000000e+001 1.691088664e-005 
d 0.000000000e+000 0.000000000e+000 -1.718596353e-005 8.000000000e+000 8.000000000e+000 0.000000000e+000 3.000000000e+000 3.000000000e+000 0.000000000e+000 1.000000000e+001 1.000000000e+001 1.718596354e-005 
d 0.000000000e+000 0.000000000e+000 -1.745258360e-005 8.500000000e+000 8.500000000e+000 0.000000000e+000 3.000000000e+000 3.000000000e+000 0.000000000e+000 1.000000000e+001 1.000000000e+001 1.745258360e-005 
d 0.000000000e+000 0.000000000e+000 -1.771193043e-005 9.000000000e+000 9.000000000e+000 0.000000000e+000 3.000000000e+000 3.000000000e+000 0.000000000e+000 1.000000000e+001 1.000000000e+001 1.771193043e-005 
d 0.000000000e+000 0.000000000e+000 -1.796495307e-005 9.500000000e+000 9.500000000e+000 0.000000000e+000 3.000000000e+000 3.000000000e+000 0.000000000e+000 1.000000000e+001 1.000000000e+001 1.796495307e-005 
d 0.000000000e+000 0.000000000e+000 -1.821236254e-005 1.000000000e+001 1.000000000e+001 0.000000000e+000 3.000000000e+000 3.000000000e+000 0.000000000e+000 1.000000000e+001 1.000000000e+001 1.821236254e-005 
