v ATLAS
# This file was created by ATLAS version 5.26.1.R on Thu Nov 28 16:07:40 2019.
#SSF 2.0 generic
##############################################################################
#                    Copyright (c) 1984 - 2018                               #
#                    Silvaco Inc. All rights reserved                        #
#                                                                            #
# This file format and the following Key are copyright Silvaco Inc.          #
# You may not use, this format or key without reproducing this message in    #
# full and obtaining express written permission from Silvaco Inc.            #
#                                                                            #
# To obtain such permission please contact: Silvaco Inc.                     #
#                                           support@silvaco.com              #
#                                                                            #
# KEY=SVC86hn7562asdx                       PROD=345                         #
##############################################################################
y 1 15
z 300
f 4 "source" "gate1" "gate2" "drain" 
p 12 2 601 20 3 602 21 4 603 22 5 604 23 
d 0.000000000e+000 0.000000000e+000 -2.044208435e-006 -2.500000000e+000 -2.500000000e+000 0.000000000e+000 2.000000000e+000 2.000000000e+000 0.000000000e+000 1.000000000e+001 1.000000000e+001 2.044208435e-006 
d 0.000000000e+000 0.000000000e+000 -3.031274505e-006 -5.000000000e+000 -5.000000000e+000 0.000000000e+000 4.000000000e+000 4.000000000e+000 0.000000000e+000 1.000000000e+001 1.000000000e+001 3.031274504e-006 
d 0.000000000e+000 0.000000000e+000 -3.189690279e-006 -4.500000000e+000 -4.500000000e+000 0.000000000e+000 4.000000000e+000 4.000000000e+000 0.000000000e+000 1.000000000e+001 1.000000000e+001 3.189690279e-006 
d 0.000000000e+000 0.000000000e+000 -3.369973462e-006 -4.000000000e+000 -4.000000000e+000 0.000000000e+000 4.000000000e+000 4.000000000e+000 0.000000000e+000 1.000000000e+001 1.000000000e+001 3.369973462e-006 
d 0.000000000e+000 0.000000000e+000 -3.578953058e-006 -3.500000000e+000 -3.500000000e+000 0.000000000e+000 4.000000000e+000 4.000000000e+000 0.000000000e+000 1.000000000e+001 1.000000000e+001 3.578953058e-006 
d 0.000000000e+000 0.000000000e+000 -3.814764448e-006 -3.000000000e+000 -3.000000000e+000 0.000000000e+000 4.000000000e+000 4.000000000e+000 0.000000000e+000 1.000000000e+001 1.000000000e+001 3.814764448e-006 
d 0.000000000e+000 0.000000000e+000 -4.101956307e-006 -2.500000000e+000 -2.500000000e+000 0.000000000e+000 4.000000000e+000 4.000000000e+000 0.000000000e+000 1.000000000e+001 1.000000000e+001 4.101956307e-006 
d 0.000000000e+000 0.000000000e+000 -4.503191696e-006 -2.000000000e+000 -2.000000000e+000 0.000000000e+000 4.000000000e+000 4.000000000e+000 0.000000000e+000 1.000000000e+001 1.000000000e+001 4.503191696e-006 
d 0.000000000e+000 0.000000000e+000 -5.184615167e-006 -1.500000000e+000 -1.500000000e+000 0.000000000e+000 4.000000000e+000 4.000000000e+000 0.000000000e+000 1.000000000e+001 1.000000000e+001 5.184615166e-006 
d 0.000000000e+000 0.000000000e+000 -6.609125885e-006 -1.000000000e+000 -1.000000000e+000 0.000000000e+000 4.000000000e+000 4.000000000e+000 0.000000000e+000 1.000000000e+001 1.000000000e+001 6.609125885e-006 
d 0.000000000e+000 0.000000000e+000 -8.434098377e-006 -5.000000000e-001 -5.000000000e-001 0.000000000e+000 4.000000000e+000 4.000000000e+000 0.000000000e+000 1.000000000e+001 1.000000000e+001 8.434098377e-006 
d 0.000000000e+000 0.000000000e+000 -1.060174504e-005 5.510695461e-016 5.510695461e-016 0.000000000e+000 4.000000000e+000 4.000000000e+000 0.000000000e+000 1.000000000e+001 1.000000000e+001 1.060174504e-005 
d 0.000000000e+000 0.000000000e+000 -1.232041717e-005 5.000000000e-001 5.000000000e-001 0.000000000e+000 4.000000000e+000 4.000000000e+000 0.000000000e+000 1.000000000e+001 1.000000000e+001 1.232041717e-005 
d 0.000000000e+000 0.000000000e+000 -1.331916833e-005 1.000000000e+000 1.000000000e+000 0.000000000e+000 4.000000000e+000 4.000000000e+000 0.000000000e+000 1.000000000e+001 1.000000000e+001 1.331916833e-005 
d 0.000000000e+000 0.000000000e+000 -1.407657479e-005 1.500000000e+000 1.500000000e+000 0.000000000e+000 4.000000000e+000 4.000000000e+000 0.000000000e+000 1.000000000e+001 1.000000000e+001 1.407657479e-005 
d 0.000000000e+000 0.000000000e+000 -1.473395409e-005 2.000000000e+000 2.000000000e+000 0.000000000e+000 4.000000000e+000 4.000000000e+000 0.000000000e+000 1.000000000e+001 1.000000000e+001 1.473395409e-005 
d 0.000000000e+000 0.000000000e+000 -1.535377657e-005 2.500000000e+000 2.500000000e+000 0.000000000e+000 4.000000000e+000 4.000000000e+000 0.000000000e+000 1.000000000e+001 1.000000000e+001 1.535377657e-005 
d 0.000000000e+000 0.000000000e+000 -1.594559793e-005 3.000000000e+000 3.000000000e+000 0.000000000e+000 4.000000000e+000 4.000000000e+000 0.000000000e+000 1.000000000e+001 1.000000000e+001 1.594559793e-005 
d 0.000000000e+000 0.000000000e+000 -1.651712188e-005 3.500000000e+000 3.500000000e+000 0.000000000e+000 4.000000000e+000 4.000000000e+000 0.000000000e+000 1.000000000e+001 1.000000000e+001 1.651712188e-005 
d 0.000000000e+000 0.000000000e+000 -1.706994174e-005 4.000000000e+000 4.000000000e+000 0.000000000e+000 4.000000000e+000 4.000000000e+000 0.000000000e+000 1.000000000e+001 1.000000000e+001 1.706994174e-005 
d 0.000000000e+000 0.000000000e+000 -1.759728131e-005 4.500000000e+000 4.500000000e+000 0.000000000e+000 4.000000000e+000 4.000000000e+000 0.000000000e+000 1.000000000e+001 1.000000000e+001 1.759728131e-005 
d 0.000000000e+000 0.000000000e+000 -1.808056339e-005 5.000000000e+000 5.000000000e+000 0.000000000e+000 4.000000000e+000 4.000000000e+000 0.000000000e+000 1.000000000e+001 1.000000000e+001 1.808056339e-005 
d 0.000000000e+000 0.000000000e+000 -1.851032560e-005 5.500000000e+000 5.500000000e+000 0.000000000e+000 4.000000000e+000 4.000000000e+000 0.000000000e+000 1.000000000e+001 1.000000000e+001 1.851032560e-005 
d 0.000000000e+000 0.000000000e+000 -1.889847779e-005 6.000000000e+000 6.000000000e+000 0.000000000e+000 4.000000000e+000 4.000000000e+000 0.000000000e+000 1.000000000e+001 1.000000000e+001 1.889847779e-005 
d 0.000000000e+000 0.000000000e+000 -1.925674013e-005 6.500000000e+000 6.500000000e+000 0.000000000e+000 4.000000000e+000 4.000000000e+000 0.000000000e+000 1.000000000e+001 1.000000000e+001 1.925674013e-005 
d 0.000000000e+000 0.000000000e+000 -1.959235463e-005 7.000000000e+000 7.000000000e+000 0.000000000e+000 4.000000000e+000 4.000000000e+000 0.000000000e+000 1.000000000e+001 1.000000000e+001 1.959235463e-005 
d 0.000000000e+000 0.000000000e+000 -1.991765480e-005 7.500000000e+000 7.500000000e+000 0.000000000e+000 4.000000000e+000 4.000000000e+000 0.000000000e+000 1.000000000e+001 1.000000000e+001 1.991765480e-005 
d 0.000000000e+000 0.000000000e+000 -2.022904703e-005 8.000000000e+000 8.000000000e+000 0.000000000e+000 4.000000000e+000 4.000000000e+000 0.000000000e+000 1.000000000e+001 1.000000000e+001 2.022904703e-005 
d 0.000000000e+000 0.000000000e+000 -2.052875252e-005 8.500000000e+000 8.500000000e+000 0.000000000e+000 4.000000000e+000 4.000000000e+000 0.000000000e+000 1.000000000e+001 1.000000000e+001 2.052875252e-005 
d 0.000000000e+000 0.000000000e+000 -2.081845437e-005 9.000000000e+000 9.000000000e+000 0.000000000e+000 4.000000000e+000 4.000000000e+000 0.000000000e+000 1.000000000e+001 1.000000000e+001 2.081845437e-005 
d 0.000000000e+000 0.000000000e+000 -2.109925192e-005 9.500000000e+000 9.500000000e+000 0.000000000e+000 4.000000000e+000 4.000000000e+000 0.000000000e+000 1.000000000e+001 1.000000000e+001 2.109925192e-005 
d 0.000000000e+000 0.000000000e+000 -2.137239435e-005 1.000000000e+001 1.000000000e+001 0.000000000e+000 4.000000000e+000 4.000000000e+000 0.000000000e+000 1.000000000e+001 1.000000000e+001 2.137239435e-005 
