v ATLAS
# This file was created by ATLAS version 5.26.1.R on Thu Nov 28 15:12:11 2019.
#SSF 2.0 generic
##############################################################################
#                    Copyright (c) 1984 - 2018                               #
#                    Silvaco Inc. All rights reserved                        #
#                                                                            #
# This file format and the following Key are copyright Silvaco Inc.          #
# You may not use, this format or key without reproducing this message in    #
# full and obtaining express written permission from Silvaco Inc.            #
#                                                                            #
# To obtain such permission please contact: Silvaco Inc.                     #
#                                           support@silvaco.com              #
#                                                                            #
# KEY=SVC86hn7562asdx                       PROD=345                         #
##############################################################################
y 1 15
z 300
f 4 "source" "gate1" "gate2" "drain" 
p 12 2 601 20 3 602 21 4 603 22 5 604 23 
d 0.000000000e+000 0.000000000e+000 -3.189930010e-006 1.250000000e+000 1.250000000e+000 0.000000000e+000 -1.250000000e+000 -1.250000000e+000 0.000000000e+000 1.000000000e+001 1.000000000e+001 3.189930011e-006 
d 0.000000000e+000 0.000000000e+000 -2.529306049e-006 2.500000000e+000 2.500000000e+000 0.000000000e+000 -2.500000000e+000 -2.500000000e+000 0.000000000e+000 1.000000000e+001 1.000000000e+001 2.529306049e-006 
d 0.000000000e+000 0.000000000e+000 -2.484538617e-006 5.000000000e+000 5.000000000e+000 0.000000000e+000 -5.000000000e+000 -5.000000000e+000 0.000000000e+000 1.000000000e+001 1.000000000e+001 2.484538617e-006 
d 0.000000000e+000 0.000000000e+000 -2.642419862e-006 5.000000000e+000 5.000000000e+000 0.000000000e+000 -4.500000000e+000 -4.500000000e+000 0.000000000e+000 1.000000000e+001 1.000000000e+001 2.642419863e-006 
d 0.000000000e+000 0.000000000e+000 -2.824914337e-006 5.000000000e+000 5.000000000e+000 0.000000000e+000 -4.000000000e+000 -4.000000000e+000 0.000000000e+000 1.000000000e+001 1.000000000e+001 2.824914337e-006 
d 0.000000000e+000 0.000000000e+000 -3.049445829e-006 5.000000000e+000 5.000000000e+000 0.000000000e+000 -3.500000000e+000 -3.500000000e+000 0.000000000e+000 1.000000000e+001 1.000000000e+001 3.049445829e-006 
d 0.000000000e+000 0.000000000e+000 -3.312689919e-006 5.000000000e+000 5.000000000e+000 0.000000000e+000 -3.000000000e+000 -3.000000000e+000 0.000000000e+000 1.000000000e+001 1.000000000e+001 3.312689919e-006 
d 0.000000000e+000 0.000000000e+000 -3.644960484e-006 5.000000000e+000 5.000000000e+000 0.000000000e+000 -2.500000000e+000 -2.500000000e+000 0.000000000e+000 1.000000000e+001 1.000000000e+001 3.644960484e-006 
d 0.000000000e+000 0.000000000e+000 -4.088384165e-006 5.000000000e+000 5.000000000e+000 0.000000000e+000 -2.000000000e+000 -2.000000000e+000 0.000000000e+000 1.000000000e+001 1.000000000e+001 4.088384166e-006 
d 0.000000000e+000 0.000000000e+000 -4.778559263e-006 5.000000000e+000 5.000000000e+000 0.000000000e+000 -1.500000000e+000 -1.500000000e+000 0.000000000e+000 1.000000000e+001 1.000000000e+001 4.778559263e-006 
d 0.000000000e+000 0.000000000e+000 -5.654203491e-006 5.000000000e+000 5.000000000e+000 0.000000000e+000 -1.000000000e+000 -1.000000000e+000 0.000000000e+000 1.000000000e+001 1.000000000e+001 5.654203491e-006 
d 0.000000000e+000 0.000000000e+000 -6.599902464e-006 5.000000000e+000 5.000000000e+000 0.000000000e+000 -5.000000000e-001 -5.000000000e-001 0.000000000e+000 1.000000000e+001 1.000000000e+001 6.599902464e-006 
d 0.000000000e+000 0.000000000e+000 -7.625089854e-006 5.000000000e+000 5.000000000e+000 0.000000000e+000 5.510695461e-016 5.510695461e-016 0.000000000e+000 1.000000000e+001 1.000000000e+001 7.625089854e-006 
d 0.000000000e+000 0.000000000e+000 -8.739120555e-006 5.000000000e+000 5.000000000e+000 0.000000000e+000 5.000000000e-001 5.000000000e-001 0.000000000e+000 1.000000000e+001 1.000000000e+001 8.739120556e-006 
d 0.000000000e+000 0.000000000e+000 -9.939707666e-006 5.000000000e+000 5.000000000e+000 0.000000000e+000 1.000000000e+000 1.000000000e+000 0.000000000e+000 1.000000000e+001 1.000000000e+001 9.939707666e-006 
d 0.000000000e+000 0.000000000e+000 -1.121564704e-005 5.000000000e+000 5.000000000e+000 0.000000000e+000 1.500000000e+000 1.500000000e+000 0.000000000e+000 1.000000000e+001 1.000000000e+001 1.121564704e-005 
d 0.000000000e+000 0.000000000e+000 -1.254744795e-005 5.000000000e+000 5.000000000e+000 0.000000000e+000 2.000000000e+000 2.000000000e+000 0.000000000e+000 1.000000000e+001 1.000000000e+001 1.254744795e-005 
d 0.000000000e+000 0.000000000e+000 -1.391650822e-005 5.000000000e+000 5.000000000e+000 0.000000000e+000 2.500000000e+000 2.500000000e+000 0.000000000e+000 1.000000000e+001 1.000000000e+001 1.391650822e-005 
d 0.000000000e+000 0.000000000e+000 -1.530931522e-005 5.000000000e+000 5.000000000e+000 0.000000000e+000 3.000000000e+000 3.000000000e+000 0.000000000e+000 1.000000000e+001 1.000000000e+001 1.530931522e-005 
d 0.000000000e+000 0.000000000e+000 -1.671063866e-005 5.000000000e+000 5.000000000e+000 0.000000000e+000 3.500000000e+000 3.500000000e+000 0.000000000e+000 1.000000000e+001 1.000000000e+001 1.671063866e-005 
d 0.000000000e+000 0.000000000e+000 -1.810738003e-005 5.000000000e+000 5.000000000e+000 0.000000000e+000 4.000000000e+000 4.000000000e+000 0.000000000e+000 1.000000000e+001 1.000000000e+001 1.810738003e-005 
d 0.000000000e+000 0.000000000e+000 -1.949306031e-005 5.000000000e+000 5.000000000e+000 0.000000000e+000 4.500000000e+000 4.500000000e+000 0.000000000e+000 1.000000000e+001 1.000000000e+001 1.949306031e-005 
d 0.000000000e+000 0.000000000e+000 -2.086649035e-005 5.000000000e+000 5.000000000e+000 0.000000000e+000 5.000000000e+000 5.000000000e+000 0.000000000e+000 1.000000000e+001 1.000000000e+001 2.086649035e-005 
d 0.000000000e+000 0.000000000e+000 -2.223497532e-005 5.000000000e+000 5.000000000e+000 0.000000000e+000 5.500000000e+000 5.500000000e+000 0.000000000e+000 1.000000000e+001 1.000000000e+001 2.223497532e-005 
d 0.000000000e+000 0.000000000e+000 -2.360316366e-005 5.000000000e+000 5.000000000e+000 0.000000000e+000 6.000000000e+000 6.000000000e+000 0.000000000e+000 1.000000000e+001 1.000000000e+001 2.360316366e-005 
d 0.000000000e+000 0.000000000e+000 -2.497227409e-005 5.000000000e+000 5.000000000e+000 0.000000000e+000 6.500000000e+000 6.500000000e+000 0.000000000e+000 1.000000000e+001 1.000000000e+001 2.497227409e-005 
d 0.000000000e+000 0.000000000e+000 -2.634276301e-005 5.000000000e+000 5.000000000e+000 0.000000000e+000 7.000000000e+000 7.000000000e+000 0.000000000e+000 1.000000000e+001 1.000000000e+001 2.634276301e-005 
d 0.000000000e+000 0.000000000e+000 -2.771429304e-005 5.000000000e+000 5.000000000e+000 0.000000000e+000 7.500000000e+000 7.500000000e+000 0.000000000e+000 1.000000000e+001 1.000000000e+001 2.771429304e-005 
d 0.000000000e+000 0.000000000e+000 -2.908510213e-005 5.000000000e+000 5.000000000e+000 0.000000000e+000 8.000000000e+000 8.000000000e+000 0.000000000e+000 1.000000000e+001 1.000000000e+001 2.908510213e-005 
d 0.000000000e+000 0.000000000e+000 -3.045162920e-005 5.000000000e+000 5.000000000e+000 0.000000000e+000 8.500000000e+000 8.500000000e+000 0.000000000e+000 1.000000000e+001 1.000000000e+001 3.045162920e-005 
d 0.000000000e+000 0.000000000e+000 -3.181099257e-005 5.000000000e+000 5.000000000e+000 0.000000000e+000 9.000000000e+000 9.000000000e+000 0.000000000e+000 1.000000000e+001 1.000000000e+001 3.181099257e-005 
d 0.000000000e+000 0.000000000e+000 -3.316419774e-005 5.000000000e+000 5.000000000e+000 0.000000000e+000 9.500000000e+000 9.500000000e+000 0.000000000e+000 1.000000000e+001 1.000000000e+001 3.316419774e-005 
d 0.000000000e+000 0.000000000e+000 -3.450851010e-005 5.000000000e+000 5.000000000e+000 0.000000000e+000 1.000000000e+001 1.000000000e+001 0.000000000e+000 1.000000000e+001 1.000000000e+001 3.450851010e-005 
