v ATLAS
# This file was created by ATLAS version 5.26.1.R on Thu Nov 28 15:27:33 2019.
#SSF 2.0 generic
##############################################################################
#                    Copyright (c) 1984 - 2018                               #
#                    Silvaco Inc. All rights reserved                        #
#                                                                            #
# This file format and the following Key are copyright Silvaco Inc.          #
# You may not use, this format or key without reproducing this message in    #
# full and obtaining express written permission from Silvaco Inc.            #
#                                                                            #
# To obtain such permission please contact: Silvaco Inc.                     #
#                                           support@silvaco.com              #
#                                                                            #
# KEY=SVC86hn7562asdx                       PROD=345                         #
##############################################################################
y 1 15
z 300
f 4 "source" "gate1" "gate2" "drain" 
p 12 2 601 20 3 602 21 4 603 22 5 604 23 
d 0.000000000e+000 0.000000000e+000 -9.685702348e-006 1.250000000e+000 1.250000000e+000 0.000000000e+000 -1.250000000e+000 -1.250000000e+000 0.000000000e+000 1.500000000e+001 1.500000000e+001 9.685702348e-006 
d 0.000000000e+000 0.000000000e+000 -8.702018562e-006 2.500000000e+000 2.500000000e+000 0.000000000e+000 -2.500000000e+000 -2.500000000e+000 0.000000000e+000 1.500000000e+001 1.500000000e+001 8.702018562e-006 
d 0.000000000e+000 0.000000000e+000 -8.430320488e-006 5.000000000e+000 5.000000000e+000 0.000000000e+000 -5.000000000e+000 -5.000000000e+000 0.000000000e+000 1.500000000e+001 1.500000000e+001 8.430320488e-006 
d 0.000000000e+000 0.000000000e+000 -8.771149517e-006 5.000000000e+000 5.000000000e+000 0.000000000e+000 -4.500000000e+000 -4.500000000e+000 0.000000000e+000 1.500000000e+001 1.500000000e+001 8.771149517e-006 
d 0.000000000e+000 0.000000000e+000 -9.147520295e-006 5.000000000e+000 5.000000000e+000 0.000000000e+000 -4.000000000e+000 -4.000000000e+000 0.000000000e+000 1.500000000e+001 1.500000000e+001 9.147520295e-006 
d 0.000000000e+000 0.000000000e+000 -9.587303791e-006 5.000000000e+000 5.000000000e+000 0.000000000e+000 -3.500000000e+000 -3.500000000e+000 0.000000000e+000 1.500000000e+001 1.500000000e+001 9.587303791e-006 
d 0.000000000e+000 0.000000000e+000 -1.009077255e-005 5.000000000e+000 5.000000000e+000 0.000000000e+000 -3.000000000e+000 -3.000000000e+000 0.000000000e+000 1.500000000e+001 1.500000000e+001 1.009077255e-005 
d 0.000000000e+000 0.000000000e+000 -1.068558555e-005 5.000000000e+000 5.000000000e+000 0.000000000e+000 -2.500000000e+000 -2.500000000e+000 0.000000000e+000 1.500000000e+001 1.500000000e+001 1.068558555e-005 
d 0.000000000e+000 0.000000000e+000 -1.141153567e-005 5.000000000e+000 5.000000000e+000 0.000000000e+000 -2.000000000e+000 -2.000000000e+000 0.000000000e+000 1.500000000e+001 1.500000000e+001 1.141153567e-005 
d 0.000000000e+000 0.000000000e+000 -1.241824615e-005 5.000000000e+000 5.000000000e+000 0.000000000e+000 -1.500000000e+000 -1.500000000e+000 0.000000000e+000 1.500000000e+001 1.500000000e+001 1.241824615e-005 
d 0.000000000e+000 0.000000000e+000 -1.356645234e-005 5.000000000e+000 5.000000000e+000 0.000000000e+000 -1.000000000e+000 -1.000000000e+000 0.000000000e+000 1.500000000e+001 1.500000000e+001 1.356645234e-005 
d 0.000000000e+000 0.000000000e+000 -1.481317961e-005 5.000000000e+000 5.000000000e+000 0.000000000e+000 -5.000000000e-001 -5.000000000e-001 0.000000000e+000 1.500000000e+001 1.500000000e+001 1.481317961e-005 
d 0.000000000e+000 0.000000000e+000 -1.611262933e-005 5.000000000e+000 5.000000000e+000 0.000000000e+000 5.510695461e-016 5.510695461e-016 0.000000000e+000 1.500000000e+001 1.500000000e+001 1.611262933e-005 
d 0.000000000e+000 0.000000000e+000 -1.747123235e-005 5.000000000e+000 5.000000000e+000 0.000000000e+000 5.000000000e-001 5.000000000e-001 0.000000000e+000 1.500000000e+001 1.500000000e+001 1.747123235e-005 
d 0.000000000e+000 0.000000000e+000 -1.888998543e-005 5.000000000e+000 5.000000000e+000 0.000000000e+000 1.000000000e+000 1.000000000e+000 0.000000000e+000 1.500000000e+001 1.500000000e+001 1.888998543e-005 
d 0.000000000e+000 0.000000000e+000 -2.036062349e-005 5.000000000e+000 5.000000000e+000 0.000000000e+000 1.500000000e+000 1.500000000e+000 0.000000000e+000 1.500000000e+001 1.500000000e+001 2.036062349e-005 
d 0.000000000e+000 0.000000000e+000 -2.186881715e-005 5.000000000e+000 5.000000000e+000 0.000000000e+000 2.000000000e+000 2.000000000e+000 0.000000000e+000 1.500000000e+001 1.500000000e+001 2.186881715e-005 
d 0.000000000e+000 0.000000000e+000 -2.340522063e-005 5.000000000e+000 5.000000000e+000 0.000000000e+000 2.500000000e+000 2.500000000e+000 0.000000000e+000 1.500000000e+001 1.500000000e+001 2.340522063e-005 
d 0.000000000e+000 0.000000000e+000 -2.495684480e-005 5.000000000e+000 5.000000000e+000 0.000000000e+000 3.000000000e+000 3.000000000e+000 0.000000000e+000 1.500000000e+001 1.500000000e+001 2.495684480e-005 
d 0.000000000e+000 0.000000000e+000 -2.651219904e-005 5.000000000e+000 5.000000000e+000 0.000000000e+000 3.500000000e+000 3.500000000e+000 0.000000000e+000 1.500000000e+001 1.500000000e+001 2.651219904e-005 
d 0.000000000e+000 0.000000000e+000 -2.806571251e-005 5.000000000e+000 5.000000000e+000 0.000000000e+000 4.000000000e+000 4.000000000e+000 0.000000000e+000 1.500000000e+001 1.500000000e+001 2.806571251e-005 
d 0.000000000e+000 0.000000000e+000 -2.961933407e-005 5.000000000e+000 5.000000000e+000 0.000000000e+000 4.500000000e+000 4.500000000e+000 0.000000000e+000 1.500000000e+001 1.500000000e+001 2.961933407e-005 
d 0.000000000e+000 0.000000000e+000 -3.117431644e-005 5.000000000e+000 5.000000000e+000 0.000000000e+000 5.000000000e+000 5.000000000e+000 0.000000000e+000 1.500000000e+001 1.500000000e+001 3.117431644e-005 
d 0.000000000e+000 0.000000000e+000 -3.273134482e-005 5.000000000e+000 5.000000000e+000 0.000000000e+000 5.500000000e+000 5.500000000e+000 0.000000000e+000 1.500000000e+001 1.500000000e+001 3.273134482e-005 
d 0.000000000e+000 0.000000000e+000 -3.428936904e-005 5.000000000e+000 5.000000000e+000 0.000000000e+000 6.000000000e+000 6.000000000e+000 0.000000000e+000 1.500000000e+001 1.500000000e+001 3.428936904e-005 
d 0.000000000e+000 0.000000000e+000 -3.584730541e-005 5.000000000e+000 5.000000000e+000 0.000000000e+000 6.500000000e+000 6.500000000e+000 0.000000000e+000 1.500000000e+001 1.500000000e+001 3.584730541e-005 
d 0.000000000e+000 0.000000000e+000 -3.740463159e-005 5.000000000e+000 5.000000000e+000 0.000000000e+000 7.000000000e+000 7.000000000e+000 0.000000000e+000 1.500000000e+001 1.500000000e+001 3.740463159e-005 
d 0.000000000e+000 0.000000000e+000 -3.895376113e-005 5.000000000e+000 5.000000000e+000 0.000000000e+000 7.500000000e+000 7.500000000e+000 0.000000000e+000 1.500000000e+001 1.500000000e+001 3.895376113e-005 
d 0.000000000e+000 0.000000000e+000 -4.050095490e-005 5.000000000e+000 5.000000000e+000 0.000000000e+000 8.000000000e+000 8.000000000e+000 0.000000000e+000 1.500000000e+001 1.500000000e+001 4.050095490e-005 
d 0.000000000e+000 0.000000000e+000 -4.204769274e-005 5.000000000e+000 5.000000000e+000 0.000000000e+000 8.500000000e+000 8.500000000e+000 0.000000000e+000 1.500000000e+001 1.500000000e+001 4.204769274e-005 
d 0.000000000e+000 0.000000000e+000 -4.359306783e-005 5.000000000e+000 5.000000000e+000 0.000000000e+000 9.000000000e+000 9.000000000e+000 0.000000000e+000 1.500000000e+001 1.500000000e+001 4.359306783e-005 
d 0.000000000e+000 0.000000000e+000 -4.513738493e-005 5.000000000e+000 5.000000000e+000 0.000000000e+000 9.500000000e+000 9.500000000e+000 0.000000000e+000 1.500000000e+001 1.500000000e+001 4.513738493e-005 
d 0.000000000e+000 0.000000000e+000 -4.668090347e-005 5.000000000e+000 5.000000000e+000 0.000000000e+000 1.000000000e+001 1.000000000e+001 0.000000000e+000 1.500000000e+001 1.500000000e+001 4.668090347e-005 
