v ATLAS
# This file was created by ATLAS version 5.26.1.R on Thu Nov 28 15:19:13 2019.
#SSF 2.0 generic
##############################################################################
#                    Copyright (c) 1984 - 2018                               #
#                    Silvaco Inc. All rights reserved                        #
#                                                                            #
# This file format and the following Key are copyright Silvaco Inc.          #
# You may not use, this format or key without reproducing this message in    #
# full and obtaining express written permission from Silvaco Inc.            #
#                                                                            #
# To obtain such permission please contact: Silvaco Inc.                     #
#                                           support@silvaco.com              #
#                                                                            #
# KEY=SVC86hn7562asdx                       PROD=345                         #
##############################################################################
y 1 15
z 300
f 4 "source" "gate1" "gate2" "drain" 
p 12 2 601 20 3 602 21 4 603 22 5 604 23 
d 0.000000000e+000 0.000000000e+000 -7.475557836e-006 1.000000000e+000 1.000000000e+000 0.000000000e+000 -2.500000000e+000 -2.500000000e+000 0.000000000e+000 1.500000000e+001 1.500000000e+001 7.475557835e-006 
d 0.000000000e+000 0.000000000e+000 -6.435300408e-006 2.000000000e+000 2.000000000e+000 0.000000000e+000 -5.000000000e+000 -5.000000000e+000 0.000000000e+000 1.500000000e+001 1.500000000e+001 6.435300408e-006 
d 0.000000000e+000 0.000000000e+000 -6.700454786e-006 2.000000000e+000 2.000000000e+000 0.000000000e+000 -4.500000000e+000 -4.500000000e+000 0.000000000e+000 1.500000000e+001 1.500000000e+001 6.700454785e-006 
d 0.000000000e+000 0.000000000e+000 -7.004493511e-006 2.000000000e+000 2.000000000e+000 0.000000000e+000 -4.000000000e+000 -4.000000000e+000 0.000000000e+000 1.500000000e+001 1.500000000e+001 7.004493512e-006 
d 0.000000000e+000 0.000000000e+000 -7.371026688e-006 2.000000000e+000 2.000000000e+000 0.000000000e+000 -3.500000000e+000 -3.500000000e+000 0.000000000e+000 1.500000000e+001 1.500000000e+001 7.371026688e-006 
d 0.000000000e+000 0.000000000e+000 -7.801838492e-006 2.000000000e+000 2.000000000e+000 0.000000000e+000 -3.000000000e+000 -3.000000000e+000 0.000000000e+000 1.500000000e+001 1.500000000e+001 7.801838493e-006 
d 0.000000000e+000 0.000000000e+000 -8.331508236e-006 2.000000000e+000 2.000000000e+000 0.000000000e+000 -2.500000000e+000 -2.500000000e+000 0.000000000e+000 1.500000000e+001 1.500000000e+001 8.331508235e-006 
d 0.000000000e+000 0.000000000e+000 -9.017431075e-006 2.000000000e+000 2.000000000e+000 0.000000000e+000 -2.000000000e+000 -2.000000000e+000 0.000000000e+000 1.500000000e+001 1.500000000e+001 9.017431075e-006 
d 0.000000000e+000 0.000000000e+000 -9.988090522e-006 2.000000000e+000 2.000000000e+000 0.000000000e+000 -1.500000000e+000 -1.500000000e+000 0.000000000e+000 1.500000000e+001 1.500000000e+001 9.988090522e-006 
d 0.000000000e+000 0.000000000e+000 -1.108792335e-005 2.000000000e+000 2.000000000e+000 0.000000000e+000 -1.000000000e+000 -1.000000000e+000 0.000000000e+000 1.500000000e+001 1.500000000e+001 1.108792335e-005 
d 0.000000000e+000 0.000000000e+000 -1.221495172e-005 2.000000000e+000 2.000000000e+000 0.000000000e+000 -5.000000000e-001 -5.000000000e-001 0.000000000e+000 1.500000000e+001 1.500000000e+001 1.221495172e-005 
d 0.000000000e+000 0.000000000e+000 -1.337031483e-005 2.000000000e+000 2.000000000e+000 0.000000000e+000 5.510695461e-016 5.510695461e-016 0.000000000e+000 1.500000000e+001 1.500000000e+001 1.337031483e-005 
d 0.000000000e+000 0.000000000e+000 -1.455142739e-005 2.000000000e+000 2.000000000e+000 0.000000000e+000 5.000000000e-001 5.000000000e-001 0.000000000e+000 1.500000000e+001 1.500000000e+001 1.455142739e-005 
d 0.000000000e+000 0.000000000e+000 -1.560722889e-005 2.000000000e+000 2.000000000e+000 0.000000000e+000 1.000000000e+000 1.000000000e+000 0.000000000e+000 1.500000000e+001 1.500000000e+001 1.560722889e-005 
d 0.000000000e+000 0.000000000e+000 -1.669182912e-005 2.000000000e+000 2.000000000e+000 0.000000000e+000 1.500000000e+000 1.500000000e+000 0.000000000e+000 1.500000000e+001 1.500000000e+001 1.669182912e-005 
d 0.000000000e+000 0.000000000e+000 -1.780791698e-005 2.000000000e+000 2.000000000e+000 0.000000000e+000 2.000000000e+000 2.000000000e+000 0.000000000e+000 1.500000000e+001 1.500000000e+001 1.780791698e-005 
d 0.000000000e+000 0.000000000e+000 -1.895504651e-005 2.000000000e+000 2.000000000e+000 0.000000000e+000 2.500000000e+000 2.500000000e+000 0.000000000e+000 1.500000000e+001 1.500000000e+001 1.895504651e-005 
d 0.000000000e+000 0.000000000e+000 -2.012970212e-005 2.000000000e+000 2.000000000e+000 0.000000000e+000 3.000000000e+000 3.000000000e+000 0.000000000e+000 1.500000000e+001 1.500000000e+001 2.012970212e-005 
d 0.000000000e+000 0.000000000e+000 -2.133548992e-005 2.000000000e+000 2.000000000e+000 0.000000000e+000 3.500000000e+000 3.500000000e+000 0.000000000e+000 1.500000000e+001 1.500000000e+001 2.133548992e-005 
d 0.000000000e+000 0.000000000e+000 -2.255742891e-005 2.000000000e+000 2.000000000e+000 0.000000000e+000 4.000000000e+000 4.000000000e+000 0.000000000e+000 1.500000000e+001 1.500000000e+001 2.255742891e-005 
d 0.000000000e+000 0.000000000e+000 -2.379055652e-005 2.000000000e+000 2.000000000e+000 0.000000000e+000 4.500000000e+000 4.500000000e+000 0.000000000e+000 1.500000000e+001 1.500000000e+001 2.379055652e-005 
d 0.000000000e+000 0.000000000e+000 -2.503050975e-005 2.000000000e+000 2.000000000e+000 0.000000000e+000 5.000000000e+000 5.000000000e+000 0.000000000e+000 1.500000000e+001 1.500000000e+001 2.503050975e-005 
d 0.000000000e+000 0.000000000e+000 -2.627258013e-005 2.000000000e+000 2.000000000e+000 0.000000000e+000 5.500000000e+000 5.500000000e+000 0.000000000e+000 1.500000000e+001 1.500000000e+001 2.627258013e-005 
d 0.000000000e+000 0.000000000e+000 -2.751409970e-005 2.000000000e+000 2.000000000e+000 0.000000000e+000 6.000000000e+000 6.000000000e+000 0.000000000e+000 1.500000000e+001 1.500000000e+001 2.751409970e-005 
d 0.000000000e+000 0.000000000e+000 -2.876917611e-005 2.000000000e+000 2.000000000e+000 0.000000000e+000 6.500000000e+000 6.500000000e+000 0.000000000e+000 1.500000000e+001 1.500000000e+001 2.876917611e-005 
d 0.000000000e+000 0.000000000e+000 -3.001842301e-005 2.000000000e+000 2.000000000e+000 0.000000000e+000 7.000000000e+000 7.000000000e+000 0.000000000e+000 1.500000000e+001 1.500000000e+001 3.001842301e-005 
d 0.000000000e+000 0.000000000e+000 -3.126290748e-005 2.000000000e+000 2.000000000e+000 0.000000000e+000 7.500000000e+000 7.500000000e+000 0.000000000e+000 1.500000000e+001 1.500000000e+001 3.126290748e-005 
d 0.000000000e+000 0.000000000e+000 -3.250118411e-005 2.000000000e+000 2.000000000e+000 0.000000000e+000 8.000000000e+000 8.000000000e+000 0.000000000e+000 1.500000000e+001 1.500000000e+001 3.250118411e-005 
d 0.000000000e+000 0.000000000e+000 -3.373223424e-005 2.000000000e+000 2.000000000e+000 0.000000000e+000 8.500000000e+000 8.500000000e+000 0.000000000e+000 1.500000000e+001 1.500000000e+001 3.373223424e-005 
d 0.000000000e+000 0.000000000e+000 -3.495990969e-005 2.000000000e+000 2.000000000e+000 0.000000000e+000 9.000000000e+000 9.000000000e+000 0.000000000e+000 1.500000000e+001 1.500000000e+001 3.495990969e-005 
d 0.000000000e+000 0.000000000e+000 -3.618460792e-005 2.000000000e+000 2.000000000e+000 0.000000000e+000 9.500000000e+000 9.500000000e+000 0.000000000e+000 1.500000000e+001 1.500000000e+001 3.618460792e-005 
d 0.000000000e+000 0.000000000e+000 -3.740188486e-005 2.000000000e+000 2.000000000e+000 0.000000000e+000 1.000000000e+001 1.000000000e+001 0.000000000e+000 1.500000000e+001 1.500000000e+001 3.740188486e-005 
