v ATLAS
# This file was created by ATLAS version 5.26.1.R on Thu Nov 28 16:19:18 2019.
#SSF 2.0 generic
##############################################################################
#                    Copyright (c) 1984 - 2018                               #
#                    Silvaco Inc. All rights reserved                        #
#                                                                            #
# This file format and the following Key are copyright Silvaco Inc.          #
# You may not use, this format or key without reproducing this message in    #
# full and obtaining express written permission from Silvaco Inc.            #
#                                                                            #
# To obtain such permission please contact: Silvaco Inc.                     #
#                                           support@silvaco.com              #
#                                                                            #
# KEY=SVC86hn7562asdx                       PROD=345                         #
##############################################################################
y 1 15
z 300
f 4 "source" "gate1" "gate2" "drain" 
p 12 2 601 20 3 602 21 4 603 22 5 604 23 
d 0.000000000e+000 0.000000000e+000 -5.555146307e-006 -2.500000000e+000 -2.500000000e+000 0.000000000e+000 5.000000000e-001 5.000000000e-001 0.000000000e+000 1.500000000e+001 1.500000000e+001 5.555146307e-006 
d 0.000000000e+000 0.000000000e+000 -5.287084357e-006 -5.000000000e+000 -5.000000000e+000 0.000000000e+000 1.000000000e+000 1.000000000e+000 0.000000000e+000 1.500000000e+001 1.500000000e+001 5.287084357e-006 
d 0.000000000e+000 0.000000000e+000 -5.441379975e-006 -4.500000000e+000 -4.500000000e+000 0.000000000e+000 1.000000000e+000 1.000000000e+000 0.000000000e+000 1.500000000e+001 1.500000000e+001 5.441379975e-006 
d 0.000000000e+000 0.000000000e+000 -5.601327070e-006 -4.000000000e+000 -4.000000000e+000 0.000000000e+000 1.000000000e+000 1.000000000e+000 0.000000000e+000 1.500000000e+001 1.500000000e+001 5.601327071e-006 
d 0.000000000e+000 0.000000000e+000 -5.768190711e-006 -3.500000000e+000 -3.500000000e+000 0.000000000e+000 1.000000000e+000 1.000000000e+000 0.000000000e+000 1.500000000e+001 1.500000000e+001 5.768190711e-006 
d 0.000000000e+000 0.000000000e+000 -5.949955336e-006 -3.000000000e+000 -3.000000000e+000 0.000000000e+000 1.000000000e+000 1.000000000e+000 0.000000000e+000 1.500000000e+001 1.500000000e+001 5.949955336e-006 
d 0.000000000e+000 0.000000000e+000 -6.159995200e-006 -2.500000000e+000 -2.500000000e+000 0.000000000e+000 1.000000000e+000 1.000000000e+000 0.000000000e+000 1.500000000e+001 1.500000000e+001 6.159995200e-006 
d 0.000000000e+000 0.000000000e+000 -6.454295773e-006 -2.000000000e+000 -2.000000000e+000 0.000000000e+000 1.000000000e+000 1.000000000e+000 0.000000000e+000 1.500000000e+001 1.500000000e+001 6.454295773e-006 
d 0.000000000e+000 0.000000000e+000 -6.873715734e-006 -1.500000000e+000 -1.500000000e+000 0.000000000e+000 1.000000000e+000 1.000000000e+000 0.000000000e+000 1.500000000e+001 1.500000000e+001 6.873715735e-006 
d 0.000000000e+000 0.000000000e+000 -7.927480815e-006 -1.000000000e+000 -1.000000000e+000 0.000000000e+000 1.000000000e+000 1.000000000e+000 0.000000000e+000 1.500000000e+001 1.500000000e+001 7.927480815e-006 
d 0.000000000e+000 0.000000000e+000 -9.614447531e-006 -5.000000000e-001 -5.000000000e-001 0.000000000e+000 1.000000000e+000 1.000000000e+000 0.000000000e+000 1.500000000e+001 1.500000000e+001 9.614447531e-006 
d 0.000000000e+000 0.000000000e+000 -1.165184754e-005 5.510695461e-016 5.510695461e-016 0.000000000e+000 1.000000000e+000 1.000000000e+000 0.000000000e+000 1.500000000e+001 1.500000000e+001 1.165184754e-005 
d 0.000000000e+000 0.000000000e+000 -1.337924593e-005 5.000000000e-001 5.000000000e-001 0.000000000e+000 1.000000000e+000 1.000000000e+000 0.000000000e+000 1.500000000e+001 1.500000000e+001 1.337924593e-005 
d 0.000000000e+000 0.000000000e+000 -1.430641281e-005 1.000000000e+000 1.000000000e+000 0.000000000e+000 1.000000000e+000 1.000000000e+000 0.000000000e+000 1.500000000e+001 1.500000000e+001 1.430641281e-005 
d 0.000000000e+000 0.000000000e+000 -1.500536044e-005 1.500000000e+000 1.500000000e+000 0.000000000e+000 1.000000000e+000 1.000000000e+000 0.000000000e+000 1.500000000e+001 1.500000000e+001 1.500536044e-005 
d 0.000000000e+000 0.000000000e+000 -1.562350705e-005 2.000000000e+000 2.000000000e+000 0.000000000e+000 1.000000000e+000 1.000000000e+000 0.000000000e+000 1.500000000e+001 1.500000000e+001 1.562350705e-005 
d 0.000000000e+000 0.000000000e+000 -1.620190765e-005 2.500000000e+000 2.500000000e+000 0.000000000e+000 1.000000000e+000 1.000000000e+000 0.000000000e+000 1.500000000e+001 1.500000000e+001 1.620190765e-005 
d 0.000000000e+000 0.000000000e+000 -1.675561293e-005 3.000000000e+000 3.000000000e+000 0.000000000e+000 1.000000000e+000 1.000000000e+000 0.000000000e+000 1.500000000e+001 1.500000000e+001 1.675561293e-005 
d 0.000000000e+000 0.000000000e+000 -1.728098710e-005 3.500000000e+000 3.500000000e+000 0.000000000e+000 1.000000000e+000 1.000000000e+000 0.000000000e+000 1.500000000e+001 1.500000000e+001 1.728098710e-005 
d 0.000000000e+000 0.000000000e+000 -1.775085147e-005 4.000000000e+000 4.000000000e+000 0.000000000e+000 1.000000000e+000 1.000000000e+000 0.000000000e+000 1.500000000e+001 1.500000000e+001 1.775085147e-005 
d 0.000000000e+000 0.000000000e+000 -1.815418385e-005 4.500000000e+000 4.500000000e+000 0.000000000e+000 1.000000000e+000 1.000000000e+000 0.000000000e+000 1.500000000e+001 1.500000000e+001 1.815418385e-005 
d 0.000000000e+000 0.000000000e+000 -1.851300247e-005 5.000000000e+000 5.000000000e+000 0.000000000e+000 1.000000000e+000 1.000000000e+000 0.000000000e+000 1.500000000e+001 1.500000000e+001 1.851300247e-005 
d 0.000000000e+000 0.000000000e+000 -1.884261511e-005 5.500000000e+000 5.500000000e+000 0.000000000e+000 1.000000000e+000 1.000000000e+000 0.000000000e+000 1.500000000e+001 1.500000000e+001 1.884261511e-005 
d 0.000000000e+000 0.000000000e+000 -1.915165564e-005 6.000000000e+000 6.000000000e+000 0.000000000e+000 1.000000000e+000 1.000000000e+000 0.000000000e+000 1.500000000e+001 1.500000000e+001 1.915165564e-005 
d 0.000000000e+000 0.000000000e+000 -1.944420513e-005 6.500000000e+000 6.500000000e+000 0.000000000e+000 1.000000000e+000 1.000000000e+000 0.000000000e+000 1.500000000e+001 1.500000000e+001 1.944420513e-005 
d 0.000000000e+000 0.000000000e+000 -1.972336417e-005 7.000000000e+000 7.000000000e+000 0.000000000e+000 1.000000000e+000 1.000000000e+000 0.000000000e+000 1.500000000e+001 1.500000000e+001 1.972336417e-005 
d 0.000000000e+000 0.000000000e+000 -1.999126049e-005 7.500000000e+000 7.500000000e+000 0.000000000e+000 1.000000000e+000 1.000000000e+000 0.000000000e+000 1.500000000e+001 1.500000000e+001 1.999126049e-005 
d 0.000000000e+000 0.000000000e+000 -2.024870945e-005 8.000000000e+000 8.000000000e+000 0.000000000e+000 1.000000000e+000 1.000000000e+000 0.000000000e+000 1.500000000e+001 1.500000000e+001 2.024870945e-005 
d 0.000000000e+000 0.000000000e+000 -2.049713640e-005 8.500000000e+000 8.500000000e+000 0.000000000e+000 1.000000000e+000 1.000000000e+000 0.000000000e+000 1.500000000e+001 1.500000000e+001 2.049713640e-005 
d 0.000000000e+000 0.000000000e+000 -2.073802789e-005 9.000000000e+000 9.000000000e+000 0.000000000e+000 1.000000000e+000 1.000000000e+000 0.000000000e+000 1.500000000e+001 1.500000000e+001 2.073802789e-005 
d 0.000000000e+000 0.000000000e+000 -2.097220189e-005 9.500000000e+000 9.500000000e+000 0.000000000e+000 1.000000000e+000 1.000000000e+000 0.000000000e+000 1.500000000e+001 1.500000000e+001 2.097220189e-005 
d 0.000000000e+000 0.000000000e+000 -2.120021673e-005 1.000000000e+001 1.000000000e+001 0.000000000e+000 1.000000000e+000 1.000000000e+000 0.000000000e+000 1.500000000e+001 1.500000000e+001 2.120021673e-005 
