v ATLAS
# This file was created by ATLAS version 5.26.1.R on Thu Nov 28 15:24:27 2019.
#SSF 2.0 generic
##############################################################################
#                    Copyright (c) 1984 - 2018                               #
#                    Silvaco Inc. All rights reserved                        #
#                                                                            #
# This file format and the following Key are copyright Silvaco Inc.          #
# You may not use, this format or key without reproducing this message in    #
# full and obtaining express written permission from Silvaco Inc.            #
#                                                                            #
# To obtain such permission please contact: Silvaco Inc.                     #
#                                           support@silvaco.com              #
#                                                                            #
# KEY=SVC86hn7562asdx                       PROD=345                         #
##############################################################################
y 1 15
z 300
f 4 "source" "gate1" "gate2" "drain" 
p 12 2 601 20 3 602 21 4 603 22 5 604 23 
d 0.000000000e+000 0.000000000e+000 -9.366781454e-006 1.000000000e+000 1.000000000e+000 0.000000000e+000 -1.250000000e+000 -1.250000000e+000 0.000000000e+000 1.500000000e+001 1.500000000e+001 9.366781455e-006 
d 0.000000000e+000 0.000000000e+000 -8.269282858e-006 2.000000000e+000 2.000000000e+000 0.000000000e+000 -2.500000000e+000 -2.500000000e+000 0.000000000e+000 1.500000000e+001 1.500000000e+001 8.269282858e-006 
d 0.000000000e+000 0.000000000e+000 -7.721075554e-006 4.000000000e+000 4.000000000e+000 0.000000000e+000 -5.000000000e+000 -5.000000000e+000 0.000000000e+000 1.500000000e+001 1.500000000e+001 7.721075554e-006 
d 0.000000000e+000 0.000000000e+000 -8.046393557e-006 4.000000000e+000 4.000000000e+000 0.000000000e+000 -4.500000000e+000 -4.500000000e+000 0.000000000e+000 1.500000000e+001 1.500000000e+001 8.046393556e-006 
d 0.000000000e+000 0.000000000e+000 -8.408008453e-006 4.000000000e+000 4.000000000e+000 0.000000000e+000 -4.000000000e+000 -4.000000000e+000 0.000000000e+000 1.500000000e+001 1.500000000e+001 8.408008453e-006 
d 0.000000000e+000 0.000000000e+000 -8.841628838e-006 4.000000000e+000 4.000000000e+000 0.000000000e+000 -3.500000000e+000 -3.500000000e+000 0.000000000e+000 1.500000000e+001 1.500000000e+001 8.841628837e-006 
d 0.000000000e+000 0.000000000e+000 -9.352854023e-006 4.000000000e+000 4.000000000e+000 0.000000000e+000 -3.000000000e+000 -3.000000000e+000 0.000000000e+000 1.500000000e+001 1.500000000e+001 9.352854024e-006 
d 0.000000000e+000 0.000000000e+000 -9.975607850e-006 4.000000000e+000 4.000000000e+000 0.000000000e+000 -2.500000000e+000 -2.500000000e+000 0.000000000e+000 1.500000000e+001 1.500000000e+001 9.975607850e-006 
d 0.000000000e+000 0.000000000e+000 -1.073905245e-005 4.000000000e+000 4.000000000e+000 0.000000000e+000 -2.000000000e+000 -2.000000000e+000 0.000000000e+000 1.500000000e+001 1.500000000e+001 1.073905245e-005 
d 0.000000000e+000 0.000000000e+000 -1.176537519e-005 4.000000000e+000 4.000000000e+000 0.000000000e+000 -1.500000000e+000 -1.500000000e+000 0.000000000e+000 1.500000000e+001 1.500000000e+001 1.176537519e-005 
d 0.000000000e+000 0.000000000e+000 -1.290810362e-005 4.000000000e+000 4.000000000e+000 0.000000000e+000 -1.000000000e+000 -1.000000000e+000 0.000000000e+000 1.500000000e+001 1.500000000e+001 1.290810362e-005 
d 0.000000000e+000 0.000000000e+000 -1.408059428e-005 4.000000000e+000 4.000000000e+000 0.000000000e+000 -5.000000000e-001 -5.000000000e-001 0.000000000e+000 1.500000000e+001 1.500000000e+001 1.408059428e-005 
d 0.000000000e+000 0.000000000e+000 -1.529108057e-005 4.000000000e+000 4.000000000e+000 0.000000000e+000 5.510695461e-016 5.510695461e-016 0.000000000e+000 1.500000000e+001 1.500000000e+001 1.529108057e-005 
d 0.000000000e+000 0.000000000e+000 -1.654265160e-005 4.000000000e+000 4.000000000e+000 0.000000000e+000 5.000000000e-001 5.000000000e-001 0.000000000e+000 1.500000000e+001 1.500000000e+001 1.654265160e-005 
d 0.000000000e+000 0.000000000e+000 -1.783633507e-005 4.000000000e+000 4.000000000e+000 0.000000000e+000 1.000000000e+000 1.000000000e+000 0.000000000e+000 1.500000000e+001 1.500000000e+001 1.783633507e-005 
d 0.000000000e+000 0.000000000e+000 -1.916348677e-005 4.000000000e+000 4.000000000e+000 0.000000000e+000 1.500000000e+000 1.500000000e+000 0.000000000e+000 1.500000000e+001 1.500000000e+001 1.916348677e-005 
d 0.000000000e+000 0.000000000e+000 -2.051232335e-005 4.000000000e+000 4.000000000e+000 0.000000000e+000 2.000000000e+000 2.000000000e+000 0.000000000e+000 1.500000000e+001 1.500000000e+001 2.051232335e-005 
d 0.000000000e+000 0.000000000e+000 -2.188167265e-005 4.000000000e+000 4.000000000e+000 0.000000000e+000 2.500000000e+000 2.500000000e+000 0.000000000e+000 1.500000000e+001 1.500000000e+001 2.188167265e-005 
d 0.000000000e+000 0.000000000e+000 -2.326855393e-005 4.000000000e+000 4.000000000e+000 0.000000000e+000 3.000000000e+000 3.000000000e+000 0.000000000e+000 1.500000000e+001 1.500000000e+001 2.326855392e-005 
d 0.000000000e+000 0.000000000e+000 -2.467032940e-005 4.000000000e+000 4.000000000e+000 0.000000000e+000 3.500000000e+000 3.500000000e+000 0.000000000e+000 1.500000000e+001 1.500000000e+001 2.467032940e-005 
d 0.000000000e+000 0.000000000e+000 -2.608541063e-005 4.000000000e+000 4.000000000e+000 0.000000000e+000 4.000000000e+000 4.000000000e+000 0.000000000e+000 1.500000000e+001 1.500000000e+001 2.608541063e-005 
d 0.000000000e+000 0.000000000e+000 -2.750972493e-005 4.000000000e+000 4.000000000e+000 0.000000000e+000 4.500000000e+000 4.500000000e+000 0.000000000e+000 1.500000000e+001 1.500000000e+001 2.750972493e-005 
d 0.000000000e+000 0.000000000e+000 -2.893912212e-005 4.000000000e+000 4.000000000e+000 0.000000000e+000 5.000000000e+000 5.000000000e+000 0.000000000e+000 1.500000000e+001 1.500000000e+001 2.893912212e-005 
d 0.000000000e+000 0.000000000e+000 -3.037439621e-005 4.000000000e+000 4.000000000e+000 0.000000000e+000 5.500000000e+000 5.500000000e+000 0.000000000e+000 1.500000000e+001 1.500000000e+001 3.037439621e-005 
d 0.000000000e+000 0.000000000e+000 -3.181015971e-005 4.000000000e+000 4.000000000e+000 0.000000000e+000 6.000000000e+000 6.000000000e+000 0.000000000e+000 1.500000000e+001 1.500000000e+001 3.181015971e-005 
d 0.000000000e+000 0.000000000e+000 -3.324513749e-005 4.000000000e+000 4.000000000e+000 0.000000000e+000 6.500000000e+000 6.500000000e+000 0.000000000e+000 1.500000000e+001 1.500000000e+001 3.324513749e-005 
d 0.000000000e+000 0.000000000e+000 -3.467802890e-005 4.000000000e+000 4.000000000e+000 0.000000000e+000 7.000000000e+000 7.000000000e+000 0.000000000e+000 1.500000000e+001 1.500000000e+001 3.467802890e-005 
d 0.000000000e+000 0.000000000e+000 -3.610698150e-005 4.000000000e+000 4.000000000e+000 0.000000000e+000 7.500000000e+000 7.500000000e+000 0.000000000e+000 1.500000000e+001 1.500000000e+001 3.610698151e-005 
d 0.000000000e+000 0.000000000e+000 -3.753389850e-005 4.000000000e+000 4.000000000e+000 0.000000000e+000 8.000000000e+000 8.000000000e+000 0.000000000e+000 1.500000000e+001 1.500000000e+001 3.753389850e-005 
d 0.000000000e+000 0.000000000e+000 -3.895292332e-005 4.000000000e+000 4.000000000e+000 0.000000000e+000 8.500000000e+000 8.500000000e+000 0.000000000e+000 1.500000000e+001 1.500000000e+001 3.895292332e-005 
d 0.000000000e+000 0.000000000e+000 -4.036978127e-005 4.000000000e+000 4.000000000e+000 0.000000000e+000 9.000000000e+000 9.000000000e+000 0.000000000e+000 1.500000000e+001 1.500000000e+001 4.036978127e-005 
d 0.000000000e+000 0.000000000e+000 -4.178454512e-005 4.000000000e+000 4.000000000e+000 0.000000000e+000 9.500000000e+000 9.500000000e+000 0.000000000e+000 1.500000000e+001 1.500000000e+001 4.178454512e-005 
d 0.000000000e+000 0.000000000e+000 -4.319767961e-005 4.000000000e+000 4.000000000e+000 0.000000000e+000 1.000000000e+001 1.000000000e+001 0.000000000e+000 1.500000000e+001 1.500000000e+001 4.319767961e-005 
