v ATLAS
# This file was created by ATLAS version 5.26.1.R on Thu Nov 28 16:22:17 2019.
#SSF 2.0 generic
##############################################################################
#                    Copyright (c) 1984 - 2018                               #
#                    Silvaco Inc. All rights reserved                        #
#                                                                            #
# This file format and the following Key are copyright Silvaco Inc.          #
# You may not use, this format or key without reproducing this message in    #
# full and obtaining express written permission from Silvaco Inc.            #
#                                                                            #
# To obtain such permission please contact: Silvaco Inc.                     #
#                                           support@silvaco.com              #
#                                                                            #
# KEY=SVC86hn7562asdx                       PROD=345                         #
##############################################################################
y 1 15
z 300
f 4 "source" "gate1" "gate2" "drain" 
p 12 2 601 20 3 602 21 4 603 22 5 604 23 
d 0.000000000e+000 0.000000000e+000 -6.499669536e-006 -5.000000000e+000 -5.000000000e+000 0.000000000e+000 2.000000000e+000 2.000000000e+000 0.000000000e+000 1.500000000e+001 1.500000000e+001 6.499669535e-006 
d 0.000000000e+000 0.000000000e+000 -6.675526672e-006 -4.500000000e+000 -4.500000000e+000 0.000000000e+000 2.000000000e+000 2.000000000e+000 0.000000000e+000 1.500000000e+001 1.500000000e+001 6.675526671e-006 
d 0.000000000e+000 0.000000000e+000 -6.856395005e-006 -4.000000000e+000 -4.000000000e+000 0.000000000e+000 2.000000000e+000 2.000000000e+000 0.000000000e+000 1.500000000e+001 1.500000000e+001 6.856395006e-006 
d 0.000000000e+000 0.000000000e+000 -7.044295465e-006 -3.500000000e+000 -3.500000000e+000 0.000000000e+000 2.000000000e+000 2.000000000e+000 0.000000000e+000 1.500000000e+001 1.500000000e+001 7.044295465e-006 
d 0.000000000e+000 0.000000000e+000 -7.250037043e-006 -3.000000000e+000 -3.000000000e+000 0.000000000e+000 2.000000000e+000 2.000000000e+000 0.000000000e+000 1.500000000e+001 1.500000000e+001 7.250037044e-006 
d 0.000000000e+000 0.000000000e+000 -7.492428154e-006 -2.500000000e+000 -2.500000000e+000 0.000000000e+000 2.000000000e+000 2.000000000e+000 0.000000000e+000 1.500000000e+001 1.500000000e+001 7.492428154e-006 
d 0.000000000e+000 0.000000000e+000 -7.850458269e-006 -2.000000000e+000 -2.000000000e+000 0.000000000e+000 2.000000000e+000 2.000000000e+000 0.000000000e+000 1.500000000e+001 1.500000000e+001 7.850458270e-006 
d 0.000000000e+000 0.000000000e+000 -8.389218010e-006 -1.500000000e+000 -1.500000000e+000 0.000000000e+000 2.000000000e+000 2.000000000e+000 0.000000000e+000 1.500000000e+001 1.500000000e+001 8.389218009e-006 
d 0.000000000e+000 0.000000000e+000 -9.787764526e-006 -1.000000000e+000 -1.000000000e+000 0.000000000e+000 2.000000000e+000 2.000000000e+000 0.000000000e+000 1.500000000e+001 1.500000000e+001 9.787764525e-006 
d 0.000000000e+000 0.000000000e+000 -1.167789100e-005 -5.000000000e-001 -5.000000000e-001 0.000000000e+000 2.000000000e+000 2.000000000e+000 0.000000000e+000 1.500000000e+001 1.500000000e+001 1.167789100e-005 
d 0.000000000e+000 0.000000000e+000 -1.389692549e-005 5.510695461e-016 5.510695461e-016 0.000000000e+000 2.000000000e+000 2.000000000e+000 0.000000000e+000 1.500000000e+001 1.500000000e+001 1.389692549e-005 
d 0.000000000e+000 0.000000000e+000 -1.574649382e-005 5.000000000e-001 5.000000000e-001 0.000000000e+000 2.000000000e+000 2.000000000e+000 0.000000000e+000 1.500000000e+001 1.500000000e+001 1.574649382e-005 
d 0.000000000e+000 0.000000000e+000 -1.680237219e-005 1.000000000e+000 1.000000000e+000 0.000000000e+000 2.000000000e+000 2.000000000e+000 0.000000000e+000 1.500000000e+001 1.500000000e+001 1.680237219e-005 
d 0.000000000e+000 0.000000000e+000 -1.759716161e-005 1.500000000e+000 1.500000000e+000 0.000000000e+000 2.000000000e+000 2.000000000e+000 0.000000000e+000 1.500000000e+001 1.500000000e+001 1.759716161e-005 
d 0.000000000e+000 0.000000000e+000 -1.829555830e-005 2.000000000e+000 2.000000000e+000 0.000000000e+000 2.000000000e+000 2.000000000e+000 0.000000000e+000 1.500000000e+001 1.500000000e+001 1.829555830e-005 
d 0.000000000e+000 0.000000000e+000 -1.892420308e-005 2.500000000e+000 2.500000000e+000 0.000000000e+000 2.000000000e+000 2.000000000e+000 0.000000000e+000 1.500000000e+001 1.500000000e+001 1.892420309e-005 
d 0.000000000e+000 0.000000000e+000 -1.952378609e-005 3.000000000e+000 3.000000000e+000 0.000000000e+000 2.000000000e+000 2.000000000e+000 0.000000000e+000 1.500000000e+001 1.500000000e+001 1.952378609e-005 
d 0.000000000e+000 0.000000000e+000 -2.010013488e-005 3.500000000e+000 3.500000000e+000 0.000000000e+000 2.000000000e+000 2.000000000e+000 0.000000000e+000 1.500000000e+001 1.500000000e+001 2.010013488e-005 
d 0.000000000e+000 0.000000000e+000 -2.064542016e-005 4.000000000e+000 4.000000000e+000 0.000000000e+000 2.000000000e+000 2.000000000e+000 0.000000000e+000 1.500000000e+001 1.500000000e+001 2.064542016e-005 
d 0.000000000e+000 0.000000000e+000 -2.113473616e-005 4.500000000e+000 4.500000000e+000 0.000000000e+000 2.000000000e+000 2.000000000e+000 0.000000000e+000 1.500000000e+001 1.500000000e+001 2.113473616e-005 
d 0.000000000e+000 0.000000000e+000 -2.156258129e-005 5.000000000e+000 5.000000000e+000 0.000000000e+000 2.000000000e+000 2.000000000e+000 0.000000000e+000 1.500000000e+001 1.500000000e+001 2.156258129e-005 
d 0.000000000e+000 0.000000000e+000 -2.194766285e-005 5.500000000e+000 5.500000000e+000 0.000000000e+000 2.000000000e+000 2.000000000e+000 0.000000000e+000 1.500000000e+001 1.500000000e+001 2.194766285e-005 
d 0.000000000e+000 0.000000000e+000 -2.230323377e-005 6.000000000e+000 6.000000000e+000 0.000000000e+000 2.000000000e+000 2.000000000e+000 0.000000000e+000 1.500000000e+001 1.500000000e+001 2.230323377e-005 
d 0.000000000e+000 0.000000000e+000 -2.263727489e-005 6.500000000e+000 6.500000000e+000 0.000000000e+000 2.000000000e+000 2.000000000e+000 0.000000000e+000 1.500000000e+001 1.500000000e+001 2.263727489e-005 
d 0.000000000e+000 0.000000000e+000 -2.295431654e-005 7.000000000e+000 7.000000000e+000 0.000000000e+000 2.000000000e+000 2.000000000e+000 0.000000000e+000 1.500000000e+001 1.500000000e+001 2.295431654e-005 
d 0.000000000e+000 0.000000000e+000 -2.325732874e-005 7.500000000e+000 7.500000000e+000 0.000000000e+000 2.000000000e+000 2.000000000e+000 0.000000000e+000 1.500000000e+001 1.500000000e+001 2.325732874e-005 
d 0.000000000e+000 0.000000000e+000 -2.354859658e-005 8.000000000e+000 8.000000000e+000 0.000000000e+000 2.000000000e+000 2.000000000e+000 0.000000000e+000 1.500000000e+001 1.500000000e+001 2.354859658e-005 
d 0.000000000e+000 0.000000000e+000 -2.382969141e-005 8.500000000e+000 8.500000000e+000 0.000000000e+000 2.000000000e+000 2.000000000e+000 0.000000000e+000 1.500000000e+001 1.500000000e+001 2.382969141e-005 
d 0.000000000e+000 0.000000000e+000 -2.410184422e-005 9.000000000e+000 9.000000000e+000 0.000000000e+000 2.000000000e+000 2.000000000e+000 0.000000000e+000 1.500000000e+001 1.500000000e+001 2.410184422e-005 
d 0.000000000e+000 0.000000000e+000 -2.436610185e-005 9.500000000e+000 9.500000000e+000 0.000000000e+000 2.000000000e+000 2.000000000e+000 0.000000000e+000 1.500000000e+001 1.500000000e+001 2.436610185e-005 
d 0.000000000e+000 0.000000000e+000 -2.462327317e-005 1.000000000e+001 1.000000000e+001 0.000000000e+000 2.000000000e+000 2.000000000e+000 0.000000000e+000 1.500000000e+001 1.500000000e+001 2.462327317e-005 
