v ATLAS
# This file was created by ATLAS version 5.26.1.R on Thu Nov 28 15:16:49 2019.
#SSF 2.0 generic
##############################################################################
#                    Copyright (c) 1984 - 2018                               #
#                    Silvaco Inc. All rights reserved                        #
#                                                                            #
# This file format and the following Key are copyright Silvaco Inc.          #
# You may not use, this format or key without reproducing this message in    #
# full and obtaining express written permission from Silvaco Inc.            #
#                                                                            #
# To obtain such permission please contact: Silvaco Inc.                     #
#                                           support@silvaco.com              #
#                                                                            #
# KEY=SVC86hn7562asdx                       PROD=345                         #
##############################################################################
y 1 15
z 300
f 4 "source" "gate1" "gate2" "drain" 
p 12 2 601 20 3 602 21 4 603 22 5 604 23 
d 0.000000000e+000 0.000000000e+000 -5.742285577e-006 1.000000000e+000 1.000000000e+000 0.000000000e+000 -5.000000000e+000 -5.000000000e+000 0.000000000e+000 1.500000000e+001 1.500000000e+001 5.742285577e-006 
d 0.000000000e+000 0.000000000e+000 -5.975115369e-006 1.000000000e+000 1.000000000e+000 0.000000000e+000 -4.500000000e+000 -4.500000000e+000 0.000000000e+000 1.500000000e+001 1.500000000e+001 5.975115368e-006 
d 0.000000000e+000 0.000000000e+000 -6.241895860e-006 1.000000000e+000 1.000000000e+000 0.000000000e+000 -4.000000000e+000 -4.000000000e+000 0.000000000e+000 1.500000000e+001 1.500000000e+001 6.241895861e-006 
d 0.000000000e+000 0.000000000e+000 -6.560587854e-006 1.000000000e+000 1.000000000e+000 0.000000000e+000 -3.500000000e+000 -3.500000000e+000 0.000000000e+000 1.500000000e+001 1.500000000e+001 6.560587854e-006 
d 0.000000000e+000 0.000000000e+000 -6.938173615e-006 1.000000000e+000 1.000000000e+000 0.000000000e+000 -3.000000000e+000 -3.000000000e+000 0.000000000e+000 1.500000000e+001 1.500000000e+001 6.938173616e-006 
d 0.000000000e+000 0.000000000e+000 -7.402016769e-006 1.000000000e+000 1.000000000e+000 0.000000000e+000 -2.500000000e+000 -2.500000000e+000 0.000000000e+000 1.500000000e+001 1.500000000e+001 7.402016769e-006 
d 0.000000000e+000 0.000000000e+000 -8.000266324e-006 1.000000000e+000 1.000000000e+000 0.000000000e+000 -2.000000000e+000 -2.000000000e+000 0.000000000e+000 1.500000000e+001 1.500000000e+001 8.000266324e-006 
d 0.000000000e+000 0.000000000e+000 -8.857095485e-006 1.000000000e+000 1.000000000e+000 0.000000000e+000 -1.500000000e+000 -1.500000000e+000 0.000000000e+000 1.500000000e+001 1.500000000e+001 8.857095484e-006 
d 0.000000000e+000 0.000000000e+000 -9.891573834e-006 1.000000000e+000 1.000000000e+000 0.000000000e+000 -1.000000000e+000 -1.000000000e+000 0.000000000e+000 1.500000000e+001 1.500000000e+001 9.891573834e-006 
d 0.000000000e+000 0.000000000e+000 -1.095749053e-005 1.000000000e+000 1.000000000e+000 0.000000000e+000 -5.000000000e-001 -5.000000000e-001 0.000000000e+000 1.500000000e+001 1.500000000e+001 1.095749053e-005 
d 0.000000000e+000 0.000000000e+000 -1.204885358e-005 1.000000000e+000 1.000000000e+000 0.000000000e+000 5.510695461e-016 5.510695461e-016 0.000000000e+000 1.500000000e+001 1.500000000e+001 1.204885358e-005 
d 0.000000000e+000 0.000000000e+000 -1.316650968e-005 1.000000000e+000 1.000000000e+000 0.000000000e+000 5.000000000e-001 5.000000000e-001 0.000000000e+000 1.500000000e+001 1.500000000e+001 1.316650968e-005 
d 0.000000000e+000 0.000000000e+000 -1.430880351e-005 1.000000000e+000 1.000000000e+000 0.000000000e+000 1.000000000e+000 1.000000000e+000 0.000000000e+000 1.500000000e+001 1.500000000e+001 1.430880351e-005 
d 0.000000000e+000 0.000000000e+000 -1.547704182e-005 1.000000000e+000 1.000000000e+000 0.000000000e+000 1.500000000e+000 1.500000000e+000 0.000000000e+000 1.500000000e+001 1.500000000e+001 1.547704182e-005 
d 0.000000000e+000 0.000000000e+000 -1.667239499e-005 1.000000000e+000 1.000000000e+000 0.000000000e+000 2.000000000e+000 2.000000000e+000 0.000000000e+000 1.500000000e+001 1.500000000e+001 1.667239499e-005 
d 0.000000000e+000 0.000000000e+000 -1.789560021e-005 1.000000000e+000 1.000000000e+000 0.000000000e+000 2.500000000e+000 2.500000000e+000 0.000000000e+000 1.500000000e+001 1.500000000e+001 1.789560021e-005 
d 0.000000000e+000 0.000000000e+000 -1.914658468e-005 1.000000000e+000 1.000000000e+000 0.000000000e+000 3.000000000e+000 3.000000000e+000 0.000000000e+000 1.500000000e+001 1.500000000e+001 1.914658468e-005 
d 0.000000000e+000 0.000000000e+000 -2.042264925e-005 1.000000000e+000 1.000000000e+000 0.000000000e+000 3.500000000e+000 3.500000000e+000 0.000000000e+000 1.500000000e+001 1.500000000e+001 2.042264925e-005 
d 0.000000000e+000 0.000000000e+000 -2.171649714e-005 1.000000000e+000 1.000000000e+000 0.000000000e+000 4.000000000e+000 4.000000000e+000 0.000000000e+000 1.500000000e+001 1.500000000e+001 2.171649714e-005 
d 0.000000000e+000 0.000000000e+000 -2.302361259e-005 1.000000000e+000 1.000000000e+000 0.000000000e+000 4.500000000e+000 4.500000000e+000 0.000000000e+000 1.500000000e+001 1.500000000e+001 2.302361259e-005 
d 0.000000000e+000 0.000000000e+000 -2.433630259e-005 1.000000000e+000 1.000000000e+000 0.000000000e+000 5.000000000e+000 5.000000000e+000 0.000000000e+000 1.500000000e+001 1.500000000e+001 2.433630259e-005 
d 0.000000000e+000 0.000000000e+000 -2.565246725e-005 1.000000000e+000 1.000000000e+000 0.000000000e+000 5.500000000e+000 5.500000000e+000 0.000000000e+000 1.500000000e+001 1.500000000e+001 2.565246725e-005 
d 0.000000000e+000 0.000000000e+000 -2.697041433e-005 1.000000000e+000 1.000000000e+000 0.000000000e+000 6.000000000e+000 6.000000000e+000 0.000000000e+000 1.500000000e+001 1.500000000e+001 2.697041433e-005 
d 0.000000000e+000 0.000000000e+000 -2.828942828e-005 1.000000000e+000 1.000000000e+000 0.000000000e+000 6.500000000e+000 6.500000000e+000 0.000000000e+000 1.500000000e+001 1.500000000e+001 2.828942828e-005 
d 0.000000000e+000 0.000000000e+000 -2.960842178e-005 1.000000000e+000 1.000000000e+000 0.000000000e+000 7.000000000e+000 7.000000000e+000 0.000000000e+000 1.500000000e+001 1.500000000e+001 2.960842178e-005 
d 0.000000000e+000 0.000000000e+000 -3.092515001e-005 1.000000000e+000 1.000000000e+000 0.000000000e+000 7.500000000e+000 7.500000000e+000 0.000000000e+000 1.500000000e+001 1.500000000e+001 3.092515001e-005 
d 0.000000000e+000 0.000000000e+000 -3.223962374e-005 1.000000000e+000 1.000000000e+000 0.000000000e+000 8.000000000e+000 8.000000000e+000 0.000000000e+000 1.500000000e+001 1.500000000e+001 3.223962374e-005 
d 0.000000000e+000 0.000000000e+000 -3.355164594e-005 1.000000000e+000 1.000000000e+000 0.000000000e+000 8.500000000e+000 8.500000000e+000 0.000000000e+000 1.500000000e+001 1.500000000e+001 3.355164594e-005 
d 0.000000000e+000 0.000000000e+000 -3.486648893e-005 1.000000000e+000 1.000000000e+000 0.000000000e+000 9.000000000e+000 9.000000000e+000 0.000000000e+000 1.500000000e+001 1.500000000e+001 3.486648893e-005 
d 0.000000000e+000 0.000000000e+000 -3.617932695e-005 1.000000000e+000 1.000000000e+000 0.000000000e+000 9.500000000e+000 9.500000000e+000 0.000000000e+000 1.500000000e+001 1.500000000e+001 3.617932694e-005 
d 0.000000000e+000 0.000000000e+000 -3.748986039e-005 1.000000000e+000 1.000000000e+000 0.000000000e+000 1.000000000e+001 1.000000000e+001 0.000000000e+000 1.500000000e+001 1.500000000e+001 3.748986039e-005 
