v ATLAS
# This file was created by ATLAS version 5.26.1.R on Thu Nov 28 16:25:17 2019.
#SSF 2.0 generic
##############################################################################
#                    Copyright (c) 1984 - 2018                               #
#                    Silvaco Inc. All rights reserved                        #
#                                                                            #
# This file format and the following Key are copyright Silvaco Inc.          #
# You may not use, this format or key without reproducing this message in    #
# full and obtaining express written permission from Silvaco Inc.            #
#                                                                            #
# To obtain such permission please contact: Silvaco Inc.                     #
#                                           support@silvaco.com              #
#                                                                            #
# KEY=SVC86hn7562asdx                       PROD=345                         #
##############################################################################
y 1 15
z 300
f 4 "source" "gate1" "gate2" "drain" 
p 12 2 601 20 3 602 21 4 603 22 5 604 23 
d 0.000000000e+000 0.000000000e+000 -7.467021669e-006 -5.000000000e+000 -5.000000000e+000 0.000000000e+000 3.000000000e+000 3.000000000e+000 0.000000000e+000 1.500000000e+001 1.500000000e+001 7.467021669e-006 
d 0.000000000e+000 0.000000000e+000 -7.654836133e-006 -4.500000000e+000 -4.500000000e+000 0.000000000e+000 3.000000000e+000 3.000000000e+000 0.000000000e+000 1.500000000e+001 1.500000000e+001 7.654836132e-006 
d 0.000000000e+000 0.000000000e+000 -7.842674491e-006 -4.000000000e+000 -4.000000000e+000 0.000000000e+000 3.000000000e+000 3.000000000e+000 0.000000000e+000 1.500000000e+001 1.500000000e+001 7.842674492e-006 
d 0.000000000e+000 0.000000000e+000 -8.040076168e-006 -3.500000000e+000 -3.500000000e+000 0.000000000e+000 3.000000000e+000 3.000000000e+000 0.000000000e+000 1.500000000e+001 1.500000000e+001 8.040076168e-006 
d 0.000000000e+000 0.000000000e+000 -8.268093925e-006 -3.000000000e+000 -3.000000000e+000 0.000000000e+000 3.000000000e+000 3.000000000e+000 0.000000000e+000 1.500000000e+001 1.500000000e+001 8.268093925e-006 
d 0.000000000e+000 0.000000000e+000 -8.560667761e-006 -2.500000000e+000 -2.500000000e+000 0.000000000e+000 3.000000000e+000 3.000000000e+000 0.000000000e+000 1.500000000e+001 1.500000000e+001 8.560667762e-006 
d 0.000000000e+000 0.000000000e+000 -9.032265269e-006 -2.000000000e+000 -2.000000000e+000 0.000000000e+000 3.000000000e+000 3.000000000e+000 0.000000000e+000 1.500000000e+001 1.500000000e+001 9.032265269e-006 
d 0.000000000e+000 0.000000000e+000 -9.844157923e-006 -1.500000000e+000 -1.500000000e+000 0.000000000e+000 3.000000000e+000 3.000000000e+000 0.000000000e+000 1.500000000e+001 1.500000000e+001 9.844157924e-006 
d 0.000000000e+000 0.000000000e+000 -1.153749931e-005 -1.000000000e+000 -1.000000000e+000 0.000000000e+000 3.000000000e+000 3.000000000e+000 0.000000000e+000 1.500000000e+001 1.500000000e+001 1.153749931e-005 
d 0.000000000e+000 0.000000000e+000 -1.360573114e-005 -5.000000000e-001 -5.000000000e-001 0.000000000e+000 3.000000000e+000 3.000000000e+000 0.000000000e+000 1.500000000e+001 1.500000000e+001 1.360573114e-005 
d 0.000000000e+000 0.000000000e+000 -1.598571289e-005 5.510695461e-016 5.510695461e-016 0.000000000e+000 3.000000000e+000 3.000000000e+000 0.000000000e+000 1.500000000e+001 1.500000000e+001 1.598571289e-005 
d 0.000000000e+000 0.000000000e+000 -1.794236611e-005 5.000000000e-001 5.000000000e-001 0.000000000e+000 3.000000000e+000 3.000000000e+000 0.000000000e+000 1.500000000e+001 1.500000000e+001 1.794236611e-005 
d 0.000000000e+000 0.000000000e+000 -1.909644502e-005 1.000000000e+000 1.000000000e+000 0.000000000e+000 3.000000000e+000 3.000000000e+000 0.000000000e+000 1.500000000e+001 1.500000000e+001 1.909644503e-005 
d 0.000000000e+000 0.000000000e+000 -1.995928735e-005 1.500000000e+000 1.500000000e+000 0.000000000e+000 3.000000000e+000 3.000000000e+000 0.000000000e+000 1.500000000e+001 1.500000000e+001 1.995928735e-005 
d 0.000000000e+000 0.000000000e+000 -2.070697477e-005 2.000000000e+000 2.000000000e+000 0.000000000e+000 3.000000000e+000 3.000000000e+000 0.000000000e+000 1.500000000e+001 1.500000000e+001 2.070697477e-005 
d 0.000000000e+000 0.000000000e+000 -2.139717568e-005 2.500000000e+000 2.500000000e+000 0.000000000e+000 3.000000000e+000 3.000000000e+000 0.000000000e+000 1.500000000e+001 1.500000000e+001 2.139717568e-005 
d 0.000000000e+000 0.000000000e+000 -2.205309467e-005 3.000000000e+000 3.000000000e+000 0.000000000e+000 3.000000000e+000 3.000000000e+000 0.000000000e+000 1.500000000e+001 1.500000000e+001 2.205309467e-005 
d 0.000000000e+000 0.000000000e+000 -2.268488628e-005 3.500000000e+000 3.500000000e+000 0.000000000e+000 3.000000000e+000 3.000000000e+000 0.000000000e+000 1.500000000e+001 1.500000000e+001 2.268488628e-005 
d 0.000000000e+000 0.000000000e+000 -2.329573306e-005 4.000000000e+000 4.000000000e+000 0.000000000e+000 3.000000000e+000 3.000000000e+000 0.000000000e+000 1.500000000e+001 1.500000000e+001 2.329573306e-005 
d 0.000000000e+000 0.000000000e+000 -2.387932240e-005 4.500000000e+000 4.500000000e+000 0.000000000e+000 3.000000000e+000 3.000000000e+000 0.000000000e+000 1.500000000e+001 1.500000000e+001 2.387932240e-005 
d 0.000000000e+000 0.000000000e+000 -2.441496122e-005 5.000000000e+000 5.000000000e+000 0.000000000e+000 3.000000000e+000 3.000000000e+000 0.000000000e+000 1.500000000e+001 1.500000000e+001 2.441496122e-005 
d 0.000000000e+000 0.000000000e+000 -2.489175901e-005 5.500000000e+000 5.500000000e+000 0.000000000e+000 3.000000000e+000 3.000000000e+000 0.000000000e+000 1.500000000e+001 1.500000000e+001 2.489175901e-005 
d 0.000000000e+000 0.000000000e+000 -2.532401934e-005 6.000000000e+000 6.000000000e+000 0.000000000e+000 3.000000000e+000 3.000000000e+000 0.000000000e+000 1.500000000e+001 1.500000000e+001 2.532401934e-005 
d 0.000000000e+000 0.000000000e+000 -2.572564297e-005 6.500000000e+000 6.500000000e+000 0.000000000e+000 3.000000000e+000 3.000000000e+000 0.000000000e+000 1.500000000e+001 1.500000000e+001 2.572564297e-005 
d 0.000000000e+000 0.000000000e+000 -2.610439697e-005 7.000000000e+000 7.000000000e+000 0.000000000e+000 3.000000000e+000 3.000000000e+000 0.000000000e+000 1.500000000e+001 1.500000000e+001 2.610439697e-005 
d 0.000000000e+000 0.000000000e+000 -2.646484593e-005 7.500000000e+000 7.500000000e+000 0.000000000e+000 3.000000000e+000 3.000000000e+000 0.000000000e+000 1.500000000e+001 1.500000000e+001 2.646484593e-005 
d 0.000000000e+000 0.000000000e+000 -2.681007441e-005 8.000000000e+000 8.000000000e+000 0.000000000e+000 3.000000000e+000 3.000000000e+000 0.000000000e+000 1.500000000e+001 1.500000000e+001 2.681007441e-005 
d 0.000000000e+000 0.000000000e+000 -2.714234030e-005 8.500000000e+000 8.500000000e+000 0.000000000e+000 3.000000000e+000 3.000000000e+000 0.000000000e+000 1.500000000e+001 1.500000000e+001 2.714234030e-005 
d 0.000000000e+000 0.000000000e+000 -2.746343619e-005 9.000000000e+000 9.000000000e+000 0.000000000e+000 3.000000000e+000 3.000000000e+000 0.000000000e+000 1.500000000e+001 1.500000000e+001 2.746343619e-005 
d 0.000000000e+000 0.000000000e+000 -2.777485172e-005 9.500000000e+000 9.500000000e+000 0.000000000e+000 3.000000000e+000 3.000000000e+000 0.000000000e+000 1.500000000e+001 1.500000000e+001 2.777485172e-005 
d 0.000000000e+000 0.000000000e+000 -2.807737769e-005 1.000000000e+001 1.000000000e+001 0.000000000e+000 3.000000000e+000 3.000000000e+000 0.000000000e+000 1.500000000e+001 1.500000000e+001 2.807737769e-005 
