v ATLAS
# This file was created by ATLAS version 5.26.1.R on Thu Nov 28 16:14:14 2019.
#SSF 2.0 generic
##############################################################################
#                    Copyright (c) 1984 - 2018                               #
#                    Silvaco Inc. All rights reserved                        #
#                                                                            #
# This file format and the following Key are copyright Silvaco Inc.          #
# You may not use, this format or key without reproducing this message in    #
# full and obtaining express written permission from Silvaco Inc.            #
#                                                                            #
# To obtain such permission please contact: Silvaco Inc.                     #
#                                           support@silvaco.com              #
#                                                                            #
# KEY=SVC86hn7562asdx                       PROD=345                         #
##############################################################################
y 1 15
z 300
f 4 "source" "gate1" "gate2" "drain" 
p 12 2 601 20 3 602 21 4 603 22 5 604 23 
d 0.000000000e+000 0.000000000e+000 -4.995727040e-006 -2.500000000e+000 -2.500000000e+000 0.000000000e+000 0.000000000e+000 0.000000000e+000 0.000000000e+000 1.500000000e+001 1.500000000e+001 4.995727041e-006 
d 0.000000000e+000 0.000000000e+000 -4.568594803e-006 -3.750000000e+000 -3.750000000e+000 0.000000000e+000 0.000000000e+000 0.000000000e+000 0.000000000e+000 1.500000000e+001 1.500000000e+001 4.568594802e-006 
d 0.000000000e+000 0.000000000e+000 -4.211017997e-006 -5.000000000e+000 -5.000000000e+000 0.000000000e+000 0.000000000e+000 0.000000000e+000 0.000000000e+000 1.500000000e+001 1.500000000e+001 4.211017997e-006 
d 0.000000000e+000 0.000000000e+000 -4.339988470e-006 -4.500000000e+000 -4.500000000e+000 0.000000000e+000 0.000000000e+000 0.000000000e+000 0.000000000e+000 1.500000000e+001 1.500000000e+001 4.339988470e-006 
d 0.000000000e+000 0.000000000e+000 -4.475291118e-006 -4.000000000e+000 -4.000000000e+000 0.000000000e+000 0.000000000e+000 0.000000000e+000 0.000000000e+000 1.500000000e+001 1.500000000e+001 4.475291117e-006 
d 0.000000000e+000 0.000000000e+000 -4.617178668e-006 -3.500000000e+000 -3.500000000e+000 0.000000000e+000 0.000000000e+000 0.000000000e+000 0.000000000e+000 1.500000000e+001 1.500000000e+001 4.617178668e-006 
d 0.000000000e+000 0.000000000e+000 -4.771199202e-006 -3.000000000e+000 -3.000000000e+000 0.000000000e+000 0.000000000e+000 0.000000000e+000 0.000000000e+000 1.500000000e+001 1.500000000e+001 4.771199201e-006 
d 0.000000000e+000 0.000000000e+000 -4.947466032e-006 -2.500000000e+000 -2.500000000e+000 0.000000000e+000 0.000000000e+000 0.000000000e+000 0.000000000e+000 1.500000000e+001 1.500000000e+001 4.947466033e-006 
d 0.000000000e+000 0.000000000e+000 -5.189930099e-006 -2.000000000e+000 -2.000000000e+000 0.000000000e+000 0.000000000e+000 0.000000000e+000 0.000000000e+000 1.500000000e+001 1.500000000e+001 5.189930100e-006 
d 0.000000000e+000 0.000000000e+000 -5.537884567e-006 -1.500000000e+000 -1.500000000e+000 0.000000000e+000 0.000000000e+000 0.000000000e+000 0.000000000e+000 1.500000000e+001 1.500000000e+001 5.537884567e-006 
d 0.000000000e+000 0.000000000e+000 -6.322678241e-006 -1.000000000e+000 -1.000000000e+000 0.000000000e+000 0.000000000e+000 0.000000000e+000 0.000000000e+000 1.500000000e+001 1.500000000e+001 6.322678241e-006 
d 0.000000000e+000 0.000000000e+000 -7.751638160e-006 -5.000000000e-001 -5.000000000e-001 0.000000000e+000 0.000000000e+000 0.000000000e+000 0.000000000e+000 1.500000000e+001 1.500000000e+001 7.751638159e-006 
d 0.000000000e+000 0.000000000e+000 -9.584039884e-006 5.510695461e-016 5.510695461e-016 0.000000000e+000 0.000000000e+000 0.000000000e+000 0.000000000e+000 1.500000000e+001 1.500000000e+001 9.584039884e-006 
d 0.000000000e+000 0.000000000e+000 -1.118832427e-005 5.000000000e-001 5.000000000e-001 0.000000000e+000 0.000000000e+000 0.000000000e+000 0.000000000e+000 1.500000000e+001 1.500000000e+001 1.118832427e-005 
d 0.000000000e+000 0.000000000e+000 -1.204732555e-005 1.000000000e+000 1.000000000e+000 0.000000000e+000 0.000000000e+000 0.000000000e+000 0.000000000e+000 1.500000000e+001 1.500000000e+001 1.204732555e-005 
d 0.000000000e+000 0.000000000e+000 -1.270014410e-005 1.500000000e+000 1.500000000e+000 0.000000000e+000 0.000000000e+000 0.000000000e+000 0.000000000e+000 1.500000000e+001 1.500000000e+001 1.270014410e-005 
d 0.000000000e+000 0.000000000e+000 -1.328609258e-005 2.000000000e+000 2.000000000e+000 0.000000000e+000 0.000000000e+000 0.000000000e+000 0.000000000e+000 1.500000000e+001 1.500000000e+001 1.328609258e-005 
d 0.000000000e+000 0.000000000e+000 -1.384111674e-005 2.500000000e+000 2.500000000e+000 0.000000000e+000 0.000000000e+000 0.000000000e+000 0.000000000e+000 1.500000000e+001 1.500000000e+001 1.384111674e-005 
d 0.000000000e+000 0.000000000e+000 -1.437573954e-005 3.000000000e+000 3.000000000e+000 0.000000000e+000 0.000000000e+000 0.000000000e+000 0.000000000e+000 1.500000000e+001 1.500000000e+001 1.437573954e-005 
d 0.000000000e+000 0.000000000e+000 -1.487959615e-005 3.500000000e+000 3.500000000e+000 0.000000000e+000 0.000000000e+000 0.000000000e+000 0.000000000e+000 1.500000000e+001 1.500000000e+001 1.487959615e-005 
d 0.000000000e+000 0.000000000e+000 -1.531711903e-005 4.000000000e+000 4.000000000e+000 0.000000000e+000 0.000000000e+000 0.000000000e+000 0.000000000e+000 1.500000000e+001 1.500000000e+001 1.531711903e-005 
d 0.000000000e+000 0.000000000e+000 -1.569282359e-005 4.500000000e+000 4.500000000e+000 0.000000000e+000 0.000000000e+000 0.000000000e+000 0.000000000e+000 1.500000000e+001 1.500000000e+001 1.569282360e-005 
d 0.000000000e+000 0.000000000e+000 -1.603281779e-005 5.000000000e+000 5.000000000e+000 0.000000000e+000 0.000000000e+000 0.000000000e+000 0.000000000e+000 1.500000000e+001 1.500000000e+001 1.603281779e-005 
d 0.000000000e+000 0.000000000e+000 -1.634903190e-005 5.500000000e+000 5.500000000e+000 0.000000000e+000 0.000000000e+000 0.000000000e+000 0.000000000e+000 1.500000000e+001 1.500000000e+001 1.634903190e-005 
d 0.000000000e+000 0.000000000e+000 -1.664700499e-005 6.000000000e+000 6.000000000e+000 0.000000000e+000 0.000000000e+000 0.000000000e+000 0.000000000e+000 1.500000000e+001 1.500000000e+001 1.664700499e-005 
d 0.000000000e+000 0.000000000e+000 -1.693036900e-005 6.500000000e+000 6.500000000e+000 0.000000000e+000 0.000000000e+000 0.000000000e+000 0.000000000e+000 1.500000000e+001 1.500000000e+001 1.693036900e-005 
d 0.000000000e+000 0.000000000e+000 -1.720158174e-005 7.000000000e+000 7.000000000e+000 0.000000000e+000 0.000000000e+000 0.000000000e+000 0.000000000e+000 1.500000000e+001 1.500000000e+001 1.720158174e-005 
d 0.000000000e+000 0.000000000e+000 -1.746246997e-005 7.500000000e+000 7.500000000e+000 0.000000000e+000 0.000000000e+000 0.000000000e+000 0.000000000e+000 1.500000000e+001 1.500000000e+001 1.746246997e-005 
d 0.000000000e+000 0.000000000e+000 -1.771473076e-005 8.000000000e+000 8.000000000e+000 0.000000000e+000 0.000000000e+000 0.000000000e+000 0.000000000e+000 1.500000000e+001 1.500000000e+001 1.771473076e-005 
d 0.000000000e+000 0.000000000e+000 -1.795959456e-005 8.500000000e+000 8.500000000e+000 0.000000000e+000 0.000000000e+000 0.000000000e+000 0.000000000e+000 1.500000000e+001 1.500000000e+001 1.795959456e-005 
d 0.000000000e+000 0.000000000e+000 -1.819802031e-005 9.000000000e+000 9.000000000e+000 0.000000000e+000 0.000000000e+000 0.000000000e+000 0.000000000e+000 1.500000000e+001 1.500000000e+001 1.819802031e-005 
d 0.000000000e+000 0.000000000e+000 -1.843073100e-005 9.500000000e+000 9.500000000e+000 0.000000000e+000 0.000000000e+000 0.000000000e+000 0.000000000e+000 1.500000000e+001 1.500000000e+001 1.843073100e-005 
d 0.000000000e+000 0.000000000e+000 -1.865836670e-005 1.000000000e+001 1.000000000e+001 0.000000000e+000 0.000000000e+000 0.000000000e+000 0.000000000e+000 1.500000000e+001 1.500000000e+001 1.865836670e-005 
