v ATLAS
# This file was created by ATLAS version 5.26.1.R on Thu Nov 28 16:31:04 2019.
#SSF 2.0 generic
##############################################################################
#                    Copyright (c) 1984 - 2018                               #
#                    Silvaco Inc. All rights reserved                        #
#                                                                            #
# This file format and the following Key are copyright Silvaco Inc.          #
# You may not use, this format or key without reproducing this message in    #
# full and obtaining express written permission from Silvaco Inc.            #
#                                                                            #
# To obtain such permission please contact: Silvaco Inc.                     #
#                                           support@silvaco.com              #
#                                                                            #
# KEY=SVC86hn7562asdx                       PROD=345                         #
##############################################################################
y 1 15
z 300
f 4 "source" "gate1" "gate2" "drain" 
p 12 2 601 20 3 602 21 4 603 22 5 604 23 
d 0.000000000e+000 0.000000000e+000 -7.645079410e-006 -1.250000000e+000 -1.250000000e+000 0.000000000e+000 1.250000000e+000 1.250000000e+000 0.000000000e+000 1.500000000e+001 1.500000000e+001 7.645079410e-006 
d 0.000000000e+000 0.000000000e+000 -7.963669531e-006 -2.500000000e+000 -2.500000000e+000 0.000000000e+000 2.500000000e+000 2.500000000e+000 0.000000000e+000 1.500000000e+001 1.500000000e+001 7.963669532e-006 
d 0.000000000e+000 0.000000000e+000 -8.820208060e-006 -3.750000000e+000 -3.750000000e+000 0.000000000e+000 3.750000000e+000 3.750000000e+000 0.000000000e+000 1.500000000e+001 1.500000000e+001 8.820208059e-006 
d 0.000000000e+000 0.000000000e+000 -9.986548586e-006 -5.000000000e+000 -5.000000000e+000 0.000000000e+000 5.000000000e+000 5.000000000e+000 0.000000000e+000 1.500000000e+001 1.500000000e+001 9.986548585e-006 
d 0.000000000e+000 0.000000000e+000 -1.022980071e-005 -4.500000000e+000 -4.500000000e+000 0.000000000e+000 5.000000000e+000 5.000000000e+000 0.000000000e+000 1.500000000e+001 1.500000000e+001 1.022980071e-005 
d 0.000000000e+000 0.000000000e+000 -1.049264024e-005 -4.000000000e+000 -4.000000000e+000 0.000000000e+000 5.000000000e+000 5.000000000e+000 0.000000000e+000 1.500000000e+001 1.500000000e+001 1.049264024e-005 
d 0.000000000e+000 0.000000000e+000 -1.080458851e-005 -3.500000000e+000 -3.500000000e+000 0.000000000e+000 5.000000000e+000 5.000000000e+000 0.000000000e+000 1.500000000e+001 1.500000000e+001 1.080458851e-005 
d 0.000000000e+000 0.000000000e+000 -1.118072385e-005 -3.000000000e+000 -3.000000000e+000 0.000000000e+000 5.000000000e+000 5.000000000e+000 0.000000000e+000 1.500000000e+001 1.500000000e+001 1.118072385e-005 
d 0.000000000e+000 0.000000000e+000 -1.163337876e-005 -2.500000000e+000 -2.500000000e+000 0.000000000e+000 5.000000000e+000 5.000000000e+000 0.000000000e+000 1.500000000e+001 1.500000000e+001 1.163337877e-005 
d 0.000000000e+000 0.000000000e+000 -1.227146808e-005 -2.000000000e+000 -2.000000000e+000 0.000000000e+000 5.000000000e+000 5.000000000e+000 0.000000000e+000 1.500000000e+001 1.500000000e+001 1.227146808e-005 
d 0.000000000e+000 0.000000000e+000 -1.363597663e-005 -1.500000000e+000 -1.500000000e+000 0.000000000e+000 5.000000000e+000 5.000000000e+000 0.000000000e+000 1.500000000e+001 1.500000000e+001 1.363597663e-005 
d 0.000000000e+000 0.000000000e+000 -1.569138416e-005 -1.000000000e+000 -1.000000000e+000 0.000000000e+000 5.000000000e+000 5.000000000e+000 0.000000000e+000 1.500000000e+001 1.500000000e+001 1.569138416e-005 
d 0.000000000e+000 0.000000000e+000 -1.810739741e-005 -5.000000000e-001 -5.000000000e-001 0.000000000e+000 5.000000000e+000 5.000000000e+000 0.000000000e+000 1.500000000e+001 1.500000000e+001 1.810739741e-005 
d 0.000000000e+000 0.000000000e+000 -2.077368385e-005 5.510695461e-016 5.510695461e-016 0.000000000e+000 5.000000000e+000 5.000000000e+000 0.000000000e+000 1.500000000e+001 1.500000000e+001 2.077368385e-005 
d 0.000000000e+000 0.000000000e+000 -2.293141803e-005 5.000000000e-001 5.000000000e-001 0.000000000e+000 5.000000000e+000 5.000000000e+000 0.000000000e+000 1.500000000e+001 1.500000000e+001 2.293141803e-005 
d 0.000000000e+000 0.000000000e+000 -2.430159078e-005 1.000000000e+000 1.000000000e+000 0.000000000e+000 5.000000000e+000 5.000000000e+000 0.000000000e+000 1.500000000e+001 1.500000000e+001 2.430159078e-005 
d 0.000000000e+000 0.000000000e+000 -2.532503609e-005 1.500000000e+000 1.500000000e+000 0.000000000e+000 5.000000000e+000 5.000000000e+000 0.000000000e+000 1.500000000e+001 1.500000000e+001 2.532503609e-005 
d 0.000000000e+000 0.000000000e+000 -2.619134090e-005 2.000000000e+000 2.000000000e+000 0.000000000e+000 5.000000000e+000 5.000000000e+000 0.000000000e+000 1.500000000e+001 1.500000000e+001 2.619134090e-005 
d 0.000000000e+000 0.000000000e+000 -2.697817521e-005 2.500000000e+000 2.500000000e+000 0.000000000e+000 5.000000000e+000 5.000000000e+000 0.000000000e+000 1.500000000e+001 1.500000000e+001 2.697817521e-005 
d 0.000000000e+000 0.000000000e+000 -2.771805103e-005 3.000000000e+000 3.000000000e+000 0.000000000e+000 5.000000000e+000 5.000000000e+000 0.000000000e+000 1.500000000e+001 1.500000000e+001 2.771805103e-005 
d 0.000000000e+000 0.000000000e+000 -2.842695601e-005 3.500000000e+000 3.500000000e+000 0.000000000e+000 5.000000000e+000 5.000000000e+000 0.000000000e+000 1.500000000e+001 1.500000000e+001 2.842695601e-005 
d 0.000000000e+000 0.000000000e+000 -2.910569144e-005 4.000000000e+000 4.000000000e+000 0.000000000e+000 5.000000000e+000 5.000000000e+000 0.000000000e+000 1.500000000e+001 1.500000000e+001 2.910569144e-005 
d 0.000000000e+000 0.000000000e+000 -2.976643536e-005 4.500000000e+000 4.500000000e+000 0.000000000e+000 5.000000000e+000 5.000000000e+000 0.000000000e+000 1.500000000e+001 1.500000000e+001 2.976643536e-005 
d 0.000000000e+000 0.000000000e+000 -3.041116413e-005 5.000000000e+000 5.000000000e+000 0.000000000e+000 5.000000000e+000 5.000000000e+000 0.000000000e+000 1.500000000e+001 1.500000000e+001 3.041116413e-005 
d 0.000000000e+000 0.000000000e+000 -3.103801963e-005 5.500000000e+000 5.500000000e+000 0.000000000e+000 5.000000000e+000 5.000000000e+000 0.000000000e+000 1.500000000e+001 1.500000000e+001 3.103801963e-005 
d 0.000000000e+000 0.000000000e+000 -3.163775045e-005 6.000000000e+000 6.000000000e+000 0.000000000e+000 5.000000000e+000 5.000000000e+000 0.000000000e+000 1.500000000e+001 1.500000000e+001 3.163775045e-005 
d 0.000000000e+000 0.000000000e+000 -3.219305474e-005 6.500000000e+000 6.500000000e+000 0.000000000e+000 5.000000000e+000 5.000000000e+000 0.000000000e+000 1.500000000e+001 1.500000000e+001 3.219305474e-005 
d 0.000000000e+000 0.000000000e+000 -3.269790011e-005 7.000000000e+000 7.000000000e+000 0.000000000e+000 5.000000000e+000 5.000000000e+000 0.000000000e+000 1.500000000e+001 1.500000000e+001 3.269790011e-005 
d 0.000000000e+000 0.000000000e+000 -3.316345533e-005 7.500000000e+000 7.500000000e+000 0.000000000e+000 5.000000000e+000 5.000000000e+000 0.000000000e+000 1.500000000e+001 1.500000000e+001 3.316345533e-005 
d 0.000000000e+000 0.000000000e+000 -3.359981176e-005 8.000000000e+000 8.000000000e+000 0.000000000e+000 5.000000000e+000 5.000000000e+000 0.000000000e+000 1.500000000e+001 1.500000000e+001 3.359981176e-005 
d 0.000000000e+000 0.000000000e+000 -3.401382026e-005 8.500000000e+000 8.500000000e+000 0.000000000e+000 5.000000000e+000 5.000000000e+000 0.000000000e+000 1.500000000e+001 1.500000000e+001 3.401382026e-005 
d 0.000000000e+000 0.000000000e+000 -3.440974190e-005 9.000000000e+000 9.000000000e+000 0.000000000e+000 5.000000000e+000 5.000000000e+000 0.000000000e+000 1.500000000e+001 1.500000000e+001 3.440974190e-005 
d 0.000000000e+000 0.000000000e+000 -3.479051406e-005 9.500000000e+000 9.500000000e+000 0.000000000e+000 5.000000000e+000 5.000000000e+000 0.000000000e+000 1.500000000e+001 1.500000000e+001 3.479051406e-005 
d 0.000000000e+000 0.000000000e+000 -3.515826135e-005 1.000000000e+001 1.000000000e+001 0.000000000e+000 5.000000000e+000 5.000000000e+000 0.000000000e+000 1.500000000e+001 1.500000000e+001 3.515826135e-005 
