v ATLAS
# This file was created by ATLAS version 5.26.1.R on Thu Nov 28 15:21:41 2019.
#SSF 2.0 generic
##############################################################################
#                    Copyright (c) 1984 - 2018                               #
#                    Silvaco Inc. All rights reserved                        #
#                                                                            #
# This file format and the following Key are copyright Silvaco Inc.          #
# You may not use, this format or key without reproducing this message in    #
# full and obtaining express written permission from Silvaco Inc.            #
#                                                                            #
# To obtain such permission please contact: Silvaco Inc.                     #
#                                           support@silvaco.com              #
#                                                                            #
# KEY=SVC86hn7562asdx                       PROD=345                         #
##############################################################################
y 1 15
z 300
f 4 "source" "gate1" "gate2" "drain" 
p 12 2 601 20 3 602 21 4 603 22 5 604 23 
d 0.000000000e+000 0.000000000e+000 -7.866173672e-006 1.500000000e+000 1.500000000e+000 0.000000000e+000 -2.500000000e+000 -2.500000000e+000 0.000000000e+000 1.500000000e+001 1.500000000e+001 7.866173671e-006 
d 0.000000000e+000 0.000000000e+000 -7.037847165e-006 3.000000000e+000 3.000000000e+000 0.000000000e+000 -5.000000000e+000 -5.000000000e+000 0.000000000e+000 1.500000000e+001 1.500000000e+001 7.037847164e-006 
d 0.000000000e+000 0.000000000e+000 -7.338652820e-006 3.000000000e+000 3.000000000e+000 0.000000000e+000 -4.500000000e+000 -4.500000000e+000 0.000000000e+000 1.500000000e+001 1.500000000e+001 7.338652820e-006 
d 0.000000000e+000 0.000000000e+000 -7.676515247e-006 3.000000000e+000 3.000000000e+000 0.000000000e+000 -4.000000000e+000 -4.000000000e+000 0.000000000e+000 1.500000000e+001 1.500000000e+001 7.676515247e-006 
d 0.000000000e+000 0.000000000e+000 -8.079527421e-006 3.000000000e+000 3.000000000e+000 0.000000000e+000 -3.500000000e+000 -3.500000000e+000 0.000000000e+000 1.500000000e+001 1.500000000e+001 8.079527421e-006 
d 0.000000000e+000 0.000000000e+000 -8.549853710e-006 3.000000000e+000 3.000000000e+000 0.000000000e+000 -3.000000000e+000 -3.000000000e+000 0.000000000e+000 1.500000000e+001 1.500000000e+001 8.549853711e-006 
d 0.000000000e+000 0.000000000e+000 -9.132667173e-006 3.000000000e+000 3.000000000e+000 0.000000000e+000 -2.500000000e+000 -2.500000000e+000 0.000000000e+000 1.500000000e+001 1.500000000e+001 9.132667174e-006 
d 0.000000000e+000 0.000000000e+000 -9.875111559e-006 3.000000000e+000 3.000000000e+000 0.000000000e+000 -2.000000000e+000 -2.000000000e+000 0.000000000e+000 1.500000000e+001 1.500000000e+001 9.875111559e-006 
d 0.000000000e+000 0.000000000e+000 -1.090405186e-005 3.000000000e+000 3.000000000e+000 0.000000000e+000 -1.500000000e+000 -1.500000000e+000 0.000000000e+000 1.500000000e+001 1.500000000e+001 1.090405186e-005 
d 0.000000000e+000 0.000000000e+000 -1.204231031e-005 3.000000000e+000 3.000000000e+000 0.000000000e+000 -1.000000000e+000 -1.000000000e+000 0.000000000e+000 1.500000000e+001 1.500000000e+001 1.204231031e-005 
d 0.000000000e+000 0.000000000e+000 -1.320587160e-005 3.000000000e+000 3.000000000e+000 0.000000000e+000 -5.000000000e-001 -5.000000000e-001 0.000000000e+000 1.500000000e+001 1.500000000e+001 1.320587159e-005 
d 0.000000000e+000 0.000000000e+000 -1.439560209e-005 3.000000000e+000 3.000000000e+000 0.000000000e+000 5.510695461e-016 5.510695461e-016 0.000000000e+000 1.500000000e+001 1.500000000e+001 1.439560209e-005 
d 0.000000000e+000 0.000000000e+000 -1.561160933e-005 3.000000000e+000 3.000000000e+000 0.000000000e+000 5.000000000e-001 5.000000000e-001 0.000000000e+000 1.500000000e+001 1.500000000e+001 1.561160933e-005 
d 0.000000000e+000 0.000000000e+000 -1.685572813e-005 3.000000000e+000 3.000000000e+000 0.000000000e+000 1.000000000e+000 1.000000000e+000 0.000000000e+000 1.500000000e+001 1.500000000e+001 1.685572813e-005 
d 0.000000000e+000 0.000000000e+000 -1.811832269e-005 3.000000000e+000 3.000000000e+000 0.000000000e+000 1.500000000e+000 1.500000000e+000 0.000000000e+000 1.500000000e+001 1.500000000e+001 1.811832269e-005 
d 0.000000000e+000 0.000000000e+000 -1.941001347e-005 3.000000000e+000 3.000000000e+000 0.000000000e+000 2.000000000e+000 2.000000000e+000 0.000000000e+000 1.500000000e+001 1.500000000e+001 1.941001347e-005 
d 0.000000000e+000 0.000000000e+000 -2.072848794e-005 3.000000000e+000 3.000000000e+000 0.000000000e+000 2.500000000e+000 2.500000000e+000 0.000000000e+000 1.500000000e+001 1.500000000e+001 2.072848794e-005 
d 0.000000000e+000 0.000000000e+000 -2.207306356e-005 3.000000000e+000 3.000000000e+000 0.000000000e+000 3.000000000e+000 3.000000000e+000 0.000000000e+000 1.500000000e+001 1.500000000e+001 2.207306356e-005 
d 0.000000000e+000 0.000000000e+000 -2.343996558e-005 3.000000000e+000 3.000000000e+000 0.000000000e+000 3.500000000e+000 3.500000000e+000 0.000000000e+000 1.500000000e+001 1.500000000e+001 2.343996558e-005 
d 0.000000000e+000 0.000000000e+000 -2.482350560e-005 3.000000000e+000 3.000000000e+000 0.000000000e+000 4.000000000e+000 4.000000000e+000 0.000000000e+000 1.500000000e+001 1.500000000e+001 2.482350560e-005 
d 0.000000000e+000 0.000000000e+000 -2.621718387e-005 3.000000000e+000 3.000000000e+000 0.000000000e+000 4.500000000e+000 4.500000000e+000 0.000000000e+000 1.500000000e+001 1.500000000e+001 2.621718387e-005 
d 0.000000000e+000 0.000000000e+000 -2.761722249e-005 3.000000000e+000 3.000000000e+000 0.000000000e+000 5.000000000e+000 5.000000000e+000 0.000000000e+000 1.500000000e+001 1.500000000e+001 2.761722249e-005 
d 0.000000000e+000 0.000000000e+000 -2.902833961e-005 3.000000000e+000 3.000000000e+000 0.000000000e+000 5.500000000e+000 5.500000000e+000 0.000000000e+000 1.500000000e+001 1.500000000e+001 2.902833961e-005 
d 0.000000000e+000 0.000000000e+000 -3.044144017e-005 3.000000000e+000 3.000000000e+000 0.000000000e+000 6.000000000e+000 6.000000000e+000 0.000000000e+000 1.500000000e+001 1.500000000e+001 3.044144017e-005 
d 0.000000000e+000 0.000000000e+000 -3.185556523e-005 3.000000000e+000 3.000000000e+000 0.000000000e+000 6.500000000e+000 6.500000000e+000 0.000000000e+000 1.500000000e+001 1.500000000e+001 3.185556523e-005 
d 0.000000000e+000 0.000000000e+000 -3.326853438e-005 3.000000000e+000 3.000000000e+000 0.000000000e+000 7.000000000e+000 7.000000000e+000 0.000000000e+000 1.500000000e+001 1.500000000e+001 3.326853438e-005 
d 0.000000000e+000 0.000000000e+000 -3.468010006e-005 3.000000000e+000 3.000000000e+000 0.000000000e+000 7.500000000e+000 7.500000000e+000 0.000000000e+000 1.500000000e+001 1.500000000e+001 3.468010006e-005 
d 0.000000000e+000 0.000000000e+000 -3.608940684e-005 3.000000000e+000 3.000000000e+000 0.000000000e+000 8.000000000e+000 8.000000000e+000 0.000000000e+000 1.500000000e+001 1.500000000e+001 3.608940684e-005 
d 0.000000000e+000 0.000000000e+000 -3.749629628e-005 3.000000000e+000 3.000000000e+000 0.000000000e+000 8.500000000e+000 8.500000000e+000 0.000000000e+000 1.500000000e+001 1.500000000e+001 3.749629628e-005 
d 0.000000000e+000 0.000000000e+000 -3.890206404e-005 3.000000000e+000 3.000000000e+000 0.000000000e+000 9.000000000e+000 9.000000000e+000 0.000000000e+000 1.500000000e+001 1.500000000e+001 3.890206404e-005 
d 0.000000000e+000 0.000000000e+000 -4.030741438e-005 3.000000000e+000 3.000000000e+000 0.000000000e+000 9.500000000e+000 9.500000000e+000 0.000000000e+000 1.500000000e+001 1.500000000e+001 4.030741438e-005 
d 0.000000000e+000 0.000000000e+000 -4.171028933e-005 3.000000000e+000 3.000000000e+000 0.000000000e+000 1.000000000e+001 1.000000000e+001 0.000000000e+000 1.500000000e+001 1.500000000e+001 4.171028933e-005 
