v ATLAS
# This file was created by ATLAS version 5.26.1.R on Thu Nov 28 16:27:49 2019.
#SSF 2.0 generic
##############################################################################
#                    Copyright (c) 1984 - 2018                               #
#                    Silvaco Inc. All rights reserved                        #
#                                                                            #
# This file format and the following Key are copyright Silvaco Inc.          #
# You may not use, this format or key without reproducing this message in    #
# full and obtaining express written permission from Silvaco Inc.            #
#                                                                            #
# To obtain such permission please contact: Silvaco Inc.                     #
#                                           support@silvaco.com              #
#                                                                            #
# KEY=SVC86hn7562asdx                       PROD=345                         #
##############################################################################
y 1 15
z 300
f 4 "source" "gate1" "gate2" "drain" 
p 12 2 601 20 3 602 21 4 603 22 5 604 23 
d 0.000000000e+000 0.000000000e+000 -7.299796839e-006 -1.250000000e+000 -1.250000000e+000 0.000000000e+000 1.000000000e+000 1.000000000e+000 0.000000000e+000 1.500000000e+001 1.500000000e+001 7.299796839e-006 
d 0.000000000e+000 0.000000000e+000 -7.440271005e-006 -2.500000000e+000 -2.500000000e+000 0.000000000e+000 2.000000000e+000 2.000000000e+000 0.000000000e+000 1.500000000e+001 1.500000000e+001 7.440271005e-006 
d 0.000000000e+000 0.000000000e+000 -8.032462158e-006 -3.750000000e+000 -3.750000000e+000 0.000000000e+000 3.000000000e+000 3.000000000e+000 0.000000000e+000 1.500000000e+001 1.500000000e+001 8.032462158e-006 
d 0.000000000e+000 0.000000000e+000 -8.726032771e-006 -5.000000000e+000 -5.000000000e+000 0.000000000e+000 4.000000000e+000 4.000000000e+000 0.000000000e+000 1.500000000e+001 1.500000000e+001 8.726032771e-006 
d 0.000000000e+000 0.000000000e+000 -8.935241464e-006 -4.500000000e+000 -4.500000000e+000 0.000000000e+000 4.000000000e+000 4.000000000e+000 0.000000000e+000 1.500000000e+001 1.500000000e+001 8.935241464e-006 
d 0.000000000e+000 0.000000000e+000 -9.151554503e-006 -4.000000000e+000 -4.000000000e+000 0.000000000e+000 4.000000000e+000 4.000000000e+000 0.000000000e+000 1.500000000e+001 1.500000000e+001 9.151554503e-006 
d 0.000000000e+000 0.000000000e+000 -9.396280178e-006 -3.500000000e+000 -3.500000000e+000 0.000000000e+000 4.000000000e+000 4.000000000e+000 0.000000000e+000 1.500000000e+001 1.500000000e+001 9.396280178e-006 
d 0.000000000e+000 0.000000000e+000 -9.704278286e-006 -3.000000000e+000 -3.000000000e+000 0.000000000e+000 4.000000000e+000 4.000000000e+000 0.000000000e+000 1.500000000e+001 1.500000000e+001 9.704278286e-006 
d 0.000000000e+000 0.000000000e+000 -1.009779272e-005 -2.500000000e+000 -2.500000000e+000 0.000000000e+000 4.000000000e+000 4.000000000e+000 0.000000000e+000 1.500000000e+001 1.500000000e+001 1.009779272e-005 
d 0.000000000e+000 0.000000000e+000 -1.066237429e-005 -2.000000000e+000 -2.000000000e+000 0.000000000e+000 4.000000000e+000 4.000000000e+000 0.000000000e+000 1.500000000e+001 1.500000000e+001 1.066237429e-005 
d 0.000000000e+000 0.000000000e+000 -1.178169513e-005 -1.500000000e+000 -1.500000000e+000 0.000000000e+000 4.000000000e+000 4.000000000e+000 0.000000000e+000 1.500000000e+001 1.500000000e+001 1.178169513e-005 
d 0.000000000e+000 0.000000000e+000 -1.367042400e-005 -1.000000000e+000 -1.000000000e+000 0.000000000e+000 4.000000000e+000 4.000000000e+000 0.000000000e+000 1.500000000e+001 1.500000000e+001 1.367042400e-005 
d 0.000000000e+000 0.000000000e+000 -1.592132971e-005 -5.000000000e-001 -5.000000000e-001 0.000000000e+000 4.000000000e+000 4.000000000e+000 0.000000000e+000 1.500000000e+001 1.500000000e+001 1.592132971e-005 
d 0.000000000e+000 0.000000000e+000 -1.845456141e-005 5.510695461e-016 5.510695461e-016 0.000000000e+000 4.000000000e+000 4.000000000e+000 0.000000000e+000 1.500000000e+001 1.500000000e+001 1.845456141e-005 
d 0.000000000e+000 0.000000000e+000 -2.051664412e-005 5.000000000e-001 5.000000000e-001 0.000000000e+000 4.000000000e+000 4.000000000e+000 0.000000000e+000 1.500000000e+001 1.500000000e+001 2.051664412e-005 
d 0.000000000e+000 0.000000000e+000 -2.177428153e-005 1.000000000e+000 1.000000000e+000 0.000000000e+000 4.000000000e+000 4.000000000e+000 0.000000000e+000 1.500000000e+001 1.500000000e+001 2.177428153e-005 
d 0.000000000e+000 0.000000000e+000 -2.271070787e-005 1.500000000e+000 1.500000000e+000 0.000000000e+000 4.000000000e+000 4.000000000e+000 0.000000000e+000 1.500000000e+001 1.500000000e+001 2.271070787e-005 
d 0.000000000e+000 0.000000000e+000 -2.351054704e-005 2.000000000e+000 2.000000000e+000 0.000000000e+000 4.000000000e+000 4.000000000e+000 0.000000000e+000 1.500000000e+001 1.500000000e+001 2.351054704e-005 
d 0.000000000e+000 0.000000000e+000 -2.424149687e-005 2.500000000e+000 2.500000000e+000 0.000000000e+000 4.000000000e+000 4.000000000e+000 0.000000000e+000 1.500000000e+001 1.500000000e+001 2.424149687e-005 
d 0.000000000e+000 0.000000000e+000 -2.493205811e-005 3.000000000e+000 3.000000000e+000 0.000000000e+000 4.000000000e+000 4.000000000e+000 0.000000000e+000 1.500000000e+001 1.500000000e+001 2.493205811e-005 
d 0.000000000e+000 0.000000000e+000 -2.559526709e-005 3.500000000e+000 3.500000000e+000 0.000000000e+000 4.000000000e+000 4.000000000e+000 0.000000000e+000 1.500000000e+001 1.500000000e+001 2.559526709e-005 
d 0.000000000e+000 0.000000000e+000 -2.623774850e-005 4.000000000e+000 4.000000000e+000 0.000000000e+000 4.000000000e+000 4.000000000e+000 0.000000000e+000 1.500000000e+001 1.500000000e+001 2.623774850e-005 
d 0.000000000e+000 0.000000000e+000 -2.686179927e-005 4.500000000e+000 4.500000000e+000 0.000000000e+000 4.000000000e+000 4.000000000e+000 0.000000000e+000 1.500000000e+001 1.500000000e+001 2.686179927e-005 
d 0.000000000e+000 0.000000000e+000 -2.746382543e-005 5.000000000e+000 5.000000000e+000 0.000000000e+000 4.000000000e+000 4.000000000e+000 0.000000000e+000 1.500000000e+001 1.500000000e+001 2.746382543e-005 
d 0.000000000e+000 0.000000000e+000 -2.802852571e-005 5.500000000e+000 5.500000000e+000 0.000000000e+000 4.000000000e+000 4.000000000e+000 0.000000000e+000 1.500000000e+001 1.500000000e+001 2.802852571e-005 
d 0.000000000e+000 0.000000000e+000 -2.853904895e-005 6.000000000e+000 6.000000000e+000 0.000000000e+000 4.000000000e+000 4.000000000e+000 0.000000000e+000 1.500000000e+001 1.500000000e+001 2.853904895e-005 
d 0.000000000e+000 0.000000000e+000 -2.900108780e-005 6.500000000e+000 6.500000000e+000 0.000000000e+000 4.000000000e+000 4.000000000e+000 0.000000000e+000 1.500000000e+001 1.500000000e+001 2.900108781e-005 
d 0.000000000e+000 0.000000000e+000 -2.942858599e-005 7.000000000e+000 7.000000000e+000 0.000000000e+000 4.000000000e+000 4.000000000e+000 0.000000000e+000 1.500000000e+001 1.500000000e+001 2.942858599e-005 
d 0.000000000e+000 0.000000000e+000 -2.983073170e-005 7.500000000e+000 7.500000000e+000 0.000000000e+000 4.000000000e+000 4.000000000e+000 0.000000000e+000 1.500000000e+001 1.500000000e+001 2.983073170e-005 
d 0.000000000e+000 0.000000000e+000 -3.021299531e-005 8.000000000e+000 8.000000000e+000 0.000000000e+000 4.000000000e+000 4.000000000e+000 0.000000000e+000 1.500000000e+001 1.500000000e+001 3.021299531e-005 
d 0.000000000e+000 0.000000000e+000 -3.057883922e-005 8.500000000e+000 8.500000000e+000 0.000000000e+000 4.000000000e+000 4.000000000e+000 0.000000000e+000 1.500000000e+001 1.500000000e+001 3.057883922e-005 
d 0.000000000e+000 0.000000000e+000 -3.093063692e-005 9.000000000e+000 9.000000000e+000 0.000000000e+000 4.000000000e+000 4.000000000e+000 0.000000000e+000 1.500000000e+001 1.500000000e+001 3.093063692e-005 
d 0.000000000e+000 0.000000000e+000 -3.127017236e-005 9.500000000e+000 9.500000000e+000 0.000000000e+000 4.000000000e+000 4.000000000e+000 0.000000000e+000 1.500000000e+001 1.500000000e+001 3.127017236e-005 
d 0.000000000e+000 0.000000000e+000 -3.159887114e-005 1.000000000e+001 1.000000000e+001 0.000000000e+000 4.000000000e+000 4.000000000e+000 0.000000000e+000 1.500000000e+001 1.500000000e+001 3.159887114e-005 
