v ATLAS
# This file was created by ATLAS version 5.26.1.R on Thu Nov 28 15:14:38 2019.
#SSF 2.0 generic
##############################################################################
#                    Copyright (c) 1984 - 2018                               #
#                    Silvaco Inc. All rights reserved                        #
#                                                                            #
# This file format and the following Key are copyright Silvaco Inc.          #
# You may not use, this format or key without reproducing this message in    #
# full and obtaining express written permission from Silvaco Inc.            #
#                                                                            #
# To obtain such permission please contact: Silvaco Inc.                     #
#                                           support@silvaco.com              #
#                                                                            #
# KEY=SVC86hn7562asdx                       PROD=345                         #
##############################################################################
y 1 15
z 300
f 4 "source" "gate1" "gate2" "drain" 
p 12 2 601 20 3 602 21 4 603 22 5 604 23 
d 0.000000000e+000 0.000000000e+000 -4.586070281e-006 0.000000000e+000 0.000000000e+000 0.000000000e+000 -5.000000000e+000 -5.000000000e+000 0.000000000e+000 1.500000000e+001 1.500000000e+001 4.586070281e-006 
d 0.000000000e+000 0.000000000e+000 -4.785962809e-006 0.000000000e+000 0.000000000e+000 0.000000000e+000 -4.500000000e+000 -4.500000000e+000 0.000000000e+000 1.500000000e+001 1.500000000e+001 4.785962809e-006 
d 0.000000000e+000 0.000000000e+000 -5.013117196e-006 0.000000000e+000 0.000000000e+000 0.000000000e+000 -4.000000000e+000 -4.000000000e+000 0.000000000e+000 1.500000000e+001 1.500000000e+001 5.013117196e-006 
d 0.000000000e+000 0.000000000e+000 -5.283852920e-006 0.000000000e+000 0.000000000e+000 0.000000000e+000 -3.500000000e+000 -3.500000000e+000 0.000000000e+000 1.500000000e+001 1.500000000e+001 5.283852920e-006 
d 0.000000000e+000 0.000000000e+000 -5.600505139e-006 0.000000000e+000 0.000000000e+000 0.000000000e+000 -3.000000000e+000 -3.000000000e+000 0.000000000e+000 1.500000000e+001 1.500000000e+001 5.600505139e-006 
d 0.000000000e+000 0.000000000e+000 -5.984832151e-006 0.000000000e+000 0.000000000e+000 0.000000000e+000 -2.500000000e+000 -2.500000000e+000 0.000000000e+000 1.500000000e+001 1.500000000e+001 5.984832153e-006 
d 0.000000000e+000 0.000000000e+000 -6.464710123e-006 0.000000000e+000 0.000000000e+000 0.000000000e+000 -2.000000000e+000 -2.000000000e+000 0.000000000e+000 1.500000000e+001 1.500000000e+001 6.464710123e-006 
d 0.000000000e+000 0.000000000e+000 -7.102967102e-006 0.000000000e+000 0.000000000e+000 0.000000000e+000 -1.500000000e+000 -1.500000000e+000 0.000000000e+000 1.500000000e+001 1.500000000e+001 7.102967102e-006 
d 0.000000000e+000 0.000000000e+000 -7.960037393e-006 0.000000000e+000 0.000000000e+000 0.000000000e+000 -1.000000000e+000 -1.000000000e+000 0.000000000e+000 1.500000000e+001 1.500000000e+001 7.960037393e-006 
d 0.000000000e+000 0.000000000e+000 -8.910578270e-006 0.000000000e+000 0.000000000e+000 0.000000000e+000 -5.000000000e-001 -5.000000000e-001 0.000000000e+000 1.500000000e+001 1.500000000e+001 8.910578269e-006 
d 0.000000000e+000 0.000000000e+000 -9.902006529e-006 0.000000000e+000 0.000000000e+000 0.000000000e+000 5.510695461e-016 5.510695461e-016 0.000000000e+000 1.500000000e+001 1.500000000e+001 9.902006530e-006 
d 0.000000000e+000 0.000000000e+000 -1.092134865e-005 0.000000000e+000 0.000000000e+000 0.000000000e+000 5.000000000e-001 5.000000000e-001 0.000000000e+000 1.500000000e+001 1.500000000e+001 1.092134865e-005 
d 0.000000000e+000 0.000000000e+000 -1.196478951e-005 0.000000000e+000 0.000000000e+000 0.000000000e+000 1.000000000e+000 1.000000000e+000 0.000000000e+000 1.500000000e+001 1.500000000e+001 1.196478951e-005 
d 0.000000000e+000 0.000000000e+000 -1.303307250e-005 0.000000000e+000 0.000000000e+000 0.000000000e+000 1.500000000e+000 1.500000000e+000 0.000000000e+000 1.500000000e+001 1.500000000e+001 1.303307250e-005 
d 0.000000000e+000 0.000000000e+000 -1.409215628e-005 0.000000000e+000 0.000000000e+000 0.000000000e+000 2.000000000e+000 2.000000000e+000 0.000000000e+000 1.500000000e+001 1.500000000e+001 1.409215628e-005 
d 0.000000000e+000 0.000000000e+000 -1.517633255e-005 0.000000000e+000 0.000000000e+000 0.000000000e+000 2.500000000e+000 2.500000000e+000 0.000000000e+000 1.500000000e+001 1.500000000e+001 1.517633255e-005 
d 0.000000000e+000 0.000000000e+000 -1.628664687e-005 0.000000000e+000 0.000000000e+000 0.000000000e+000 3.000000000e+000 3.000000000e+000 0.000000000e+000 1.500000000e+001 1.500000000e+001 1.628664687e-005 
d 0.000000000e+000 0.000000000e+000 -1.742254439e-005 0.000000000e+000 0.000000000e+000 0.000000000e+000 3.500000000e+000 3.500000000e+000 0.000000000e+000 1.500000000e+001 1.500000000e+001 1.742254439e-005 
d 0.000000000e+000 0.000000000e+000 -1.857956120e-005 0.000000000e+000 0.000000000e+000 0.000000000e+000 4.000000000e+000 4.000000000e+000 0.000000000e+000 1.500000000e+001 1.500000000e+001 1.857956120e-005 
d 0.000000000e+000 0.000000000e+000 -1.974573551e-005 0.000000000e+000 0.000000000e+000 0.000000000e+000 4.500000000e+000 4.500000000e+000 0.000000000e+000 1.500000000e+001 1.500000000e+001 1.974573551e-005 
d 0.000000000e+000 0.000000000e+000 -2.092199902e-005 0.000000000e+000 0.000000000e+000 0.000000000e+000 5.000000000e+000 5.000000000e+000 0.000000000e+000 1.500000000e+001 1.500000000e+001 2.092199902e-005 
d 0.000000000e+000 0.000000000e+000 -2.210275169e-005 0.000000000e+000 0.000000000e+000 0.000000000e+000 5.500000000e+000 5.500000000e+000 0.000000000e+000 1.500000000e+001 1.500000000e+001 2.210275169e-005 
d 0.000000000e+000 0.000000000e+000 -2.328687451e-005 0.000000000e+000 0.000000000e+000 0.000000000e+000 6.000000000e+000 6.000000000e+000 0.000000000e+000 1.500000000e+001 1.500000000e+001 2.328687451e-005 
d 0.000000000e+000 0.000000000e+000 -2.447231558e-005 0.000000000e+000 0.000000000e+000 0.000000000e+000 6.500000000e+000 6.500000000e+000 0.000000000e+000 1.500000000e+001 1.500000000e+001 2.447231558e-005 
d 0.000000000e+000 0.000000000e+000 -2.565489401e-005 0.000000000e+000 0.000000000e+000 0.000000000e+000 7.000000000e+000 7.000000000e+000 0.000000000e+000 1.500000000e+001 1.500000000e+001 2.565489401e-005 
d 0.000000000e+000 0.000000000e+000 -2.683870510e-005 0.000000000e+000 0.000000000e+000 0.000000000e+000 7.500000000e+000 7.500000000e+000 0.000000000e+000 1.500000000e+001 1.500000000e+001 2.683870510e-005 
d 0.000000000e+000 0.000000000e+000 -2.802223587e-005 0.000000000e+000 0.000000000e+000 0.000000000e+000 8.000000000e+000 8.000000000e+000 0.000000000e+000 1.500000000e+001 1.500000000e+001 2.802223587e-005 
d 0.000000000e+000 0.000000000e+000 -2.920581812e-005 0.000000000e+000 0.000000000e+000 0.000000000e+000 8.500000000e+000 8.500000000e+000 0.000000000e+000 1.500000000e+001 1.500000000e+001 2.920581812e-005 
d 0.000000000e+000 0.000000000e+000 -3.038894087e-005 0.000000000e+000 0.000000000e+000 0.000000000e+000 9.000000000e+000 9.000000000e+000 0.000000000e+000 1.500000000e+001 1.500000000e+001 3.038894087e-005 
d 0.000000000e+000 0.000000000e+000 -3.157144309e-005 0.000000000e+000 0.000000000e+000 0.000000000e+000 9.500000000e+000 9.500000000e+000 0.000000000e+000 1.500000000e+001 1.500000000e+001 3.157144309e-005 
d 0.000000000e+000 0.000000000e+000 -3.275224863e-005 0.000000000e+000 0.000000000e+000 0.000000000e+000 1.000000000e+001 1.000000000e+001 0.000000000e+000 1.500000000e+001 1.500000000e+001 3.275224864e-005 
