v ATLAS
# This file was created by ATLAS version 5.26.1.R on Thu Nov 28 16:36:19 2019.
#SSF 2.0 generic
##############################################################################
#                    Copyright (c) 1984 - 2018                               #
#                    Silvaco Inc. All rights reserved                        #
#                                                                            #
# This file format and the following Key are copyright Silvaco Inc.          #
# You may not use, this format or key without reproducing this message in    #
# full and obtaining express written permission from Silvaco Inc.            #
#                                                                            #
# To obtain such permission please contact: Silvaco Inc.                     #
#                                           support@silvaco.com              #
#                                                                            #
# KEY=SVC86hn7562asdx                       PROD=345                         #
##############################################################################
y 1 15
z 300
f 4 "source" "gate1" "gate2" "drain" 
p 13 61 2 601 20 3 602 21 4 603 22 5 604 23 
d 1.00000000000000e-013 0.000000000e+000 0.000000000e+000 -5.499420358e-005 3.000000000e-002 3.000000000e-002 3.920826402e-005 5.000000000e-002 5.000000000e-002 5.273577401e-005 1.000000000e+000 1.000000000e+000 -3.694983444e-005 
d 3.00000000000000e-013 0.000000000e+000 0.000000000e+000 -5.499832412e-005 9.000000000e-002 9.000000000e-002 3.916112230e-005 1.500000000e-001 1.500000000e-001 5.265727477e-005 1.000000000e+000 1.000000000e+000 -3.682007294e-005 
d 7.00000000000000e-013 0.000000000e+000 0.000000000e+000 -5.699944178e-005 2.100000000e-001 2.100000000e-001 4.068633944e-005 3.500000000e-001 3.500000000e-001 5.300696569e-005 1.000000000e+000 1.000000000e+000 -3.669386335e-005 
d 1.50000000000000e-012 0.000000000e+000 0.000000000e+000 -5.961345983e-005 4.500000000e-001 4.500000000e-001 4.270523365e-005 7.500000000e-001 7.500000000e-001 5.348819938e-005 1.000000000e+000 1.000000000e+000 -3.657997320e-005 
d 3.10000000000000e-012 0.000000000e+000 0.000000000e+000 -6.587626121e-005 9.300000000e-001 9.300000000e-001 4.779961423e-005 1.550000000e+000 1.550000000e+000 5.498334870e-005 1.000000000e+000 1.000000000e+000 -3.690670172e-005 
d 6.30000000000000e-012 0.000000000e+000 0.000000000e+000 -7.725917945e-005 1.890000000e+000 1.890000000e+000 5.774572384e-005 3.150000000e+000 3.150000000e+000 6.141210694e-005 1.000000000e+000 1.000000000e+000 -4.189865134e-005 
d 1.27000000000000e-011 0.000000000e+000 0.000000000e+000 1.655121098e-005 3.000000000e+000 3.000000000e+000 -1.174653116e-005 5.000000000e+000 5.000000000e+000 -4.355343386e-006 1.000000000e+000 1.000000000e+000 -4.493364415e-007 
d 2.55000000000000e-011 0.000000000e+000 0.000000000e+000 -1.819623179e-006 3.000000000e+000 3.000000000e+000 7.412022316e-007 5.000000000e+000 5.000000000e+000 1.043637998e-005 1.000000000e+000 1.000000000e+000 -9.357959210e-006 
d 3.00000000000000e-011 0.000000000e+000 0.000000000e+000 -2.512687313e-006 3.000000000e+000 3.000000000e+000 1.029154671e-006 5.000000000e+000 5.000000000e+000 7.169651672e-006 1.000000000e+000 1.000000000e+000 -5.686119020e-006 
d 3.01000000000000e-011 0.000000000e+000 0.000000000e+000 1.136562498e-005 3.000000000e+000 3.000000000e+000 1.317328780e-005 4.950000000e+000 4.950000000e+000 -5.396231417e-005 1.000000000e+000 1.000000000e+000 2.942340140e-005 
d 3.03000000000000e-011 0.000000000e+000 0.000000000e+000 1.178752136e-005 3.000000000e+000 3.000000000e+000 1.311894171e-005 4.850000000e+000 4.850000000e+000 -5.576575013e-005 1.000000000e+000 1.000000000e+000 3.085928706e-005 
d 3.07000000000000e-011 0.000000000e+000 0.000000000e+000 1.280615169e-005 3.000000000e+000 3.000000000e+000 1.263173469e-005 4.650000000e+000 4.650000000e+000 -5.900590976e-005 1.000000000e+000 1.000000000e+000 3.356802338e-005 
d 3.15000000000000e-011 0.000000000e+000 0.000000000e+000 1.394954748e-005 3.000000000e+000 3.000000000e+000 1.203402501e-005 4.250000000e+000 4.250000000e+000 -6.414441481e-005 1.000000000e+000 1.000000000e+000 3.816084233e-005 
d 3.31000000000000e-011 0.000000000e+000 0.000000000e+000 1.518329320e-005 3.000000000e+000 3.000000000e+000 1.114788689e-005 3.450000000e+000 3.450000000e+000 -7.086851601e-005 1.000000000e+000 1.000000000e+000 4.453733592e-005 
d 3.63000000000000e-011 0.000000000e+000 0.000000000e+000 1.682541662e-005 3.000000000e+000 3.000000000e+000 9.799134796e-006 1.850000000e+000 1.850000000e+000 -7.822233271e-005 1.000000000e+000 1.000000000e+000 5.159778130e-005 
d 4.27000000000000e-011 0.000000000e+000 0.000000000e+000 -5.473154681e-006 3.000000000e+000 3.000000000e+000 -7.242269425e-006 0.000000000e+000 0.000000000e+000 1.101980364e-005 1.000000000e+000 1.000000000e+000 1.695620457e-006 
d 5.55000000000000e-011 0.000000000e+000 0.000000000e+000 -7.884742591e-007 3.000000000e+000 3.000000000e+000 -3.471799113e-007 0.000000000e+000 0.000000000e+000 -2.144536089e-006 1.000000000e+000 1.000000000e+000 3.280190260e-006 
d 6.44904680976179e-011 0.000000000e+000 0.000000000e+000 -2.144148275e-007 3.000000000e+000 3.000000000e+000 -3.019016617e-007 0.000000000e+000 0.000000000e+000 -1.200015004e-006 1.000000000e+000 1.000000000e+000 1.716191177e-006 
d 8.24714042928537e-011 0.000000000e+000 0.000000000e+000 -2.298813058e-007 3.000000000e+000 3.000000000e+000 -1.055941105e-007 0.000000000e+000 0.000000000e+000 -4.769804370e-007 1.000000000e+000 1.000000000e+000 8.124558532e-007 
d 1.00000000000000e-010 0.000000000e+000 0.000000000e+000 -1.342556471e-007 3.000000000e+000 3.000000000e+000 -5.992568143e-008 0.000000000e+000 0.000000000e+000 -2.179770002e-007 1.000000000e+000 1.000000000e+000 4.121583287e-007 
