v ATLAS
# This file was created by ATLAS version 5.26.1.R on Thu Nov 28 16:41:51 2019.
#SSF 2.0 generic
##############################################################################
#                    Copyright (c) 1984 - 2018                               #
#                    Silvaco Inc. All rights reserved                        #
#                                                                            #
# This file format and the following Key are copyright Silvaco Inc.          #
# You may not use, this format or key without reproducing this message in    #
# full and obtaining express written permission from Silvaco Inc.            #
#                                                                            #
# To obtain such permission please contact: Silvaco Inc.                     #
#                                           support@silvaco.com              #
#                                                                            #
# KEY=SVC86hn7562asdx                       PROD=345                         #
##############################################################################
y 1 15
z 300
f 4 "source" "gate1" "gate2" "drain" 
p 13 61 2 601 20 3 602 21 4 603 22 5 604 23 
d 1.00000000000000e-010 0.000000000e+000 0.000000000e+000 -6.220738553e-008 3.000000000e-002 3.000000000e-002 4.212109376e-008 5.000000000e-002 5.000000000e-002 5.409745755e-008 1.000000000e+000 1.000000000e+000 -3.401116579e-008 
d 3.00000000000000e-010 0.000000000e+000 0.000000000e+000 -6.680804559e-008 9.000000000e-002 9.000000000e-002 4.283608863e-008 1.500000000e-001 1.500000000e-001 5.458522891e-008 1.000000000e+000 1.000000000e+000 -3.061327190e-008 
d 7.00000000000000e-010 0.000000000e+000 0.000000000e+000 -8.769237839e-008 2.100000000e-001 2.100000000e-001 4.546710769e-008 3.500000000e-001 3.500000000e-001 5.593980063e-008 1.000000000e+000 1.000000000e+000 -1.371452991e-008 
d 1.50000000000000e-009 0.000000000e+000 0.000000000e+000 -2.102854189e-007 4.500000000e-001 4.500000000e-001 5.209533403e-008 7.500000000e-001 7.500000000e-001 5.965119646e-008 1.000000000e+000 1.000000000e+000 9.853888840e-008 
d 3.10000000000000e-009 0.000000000e+000 0.000000000e+000 -7.770295976e-007 9.300000000e-001 9.300000000e-001 5.717008777e-008 1.550000000e+000 1.550000000e+000 7.270441066e-008 1.000000000e+000 1.000000000e+000 6.471550991e-007 
d 6.30000000000000e-009 0.000000000e+000 0.000000000e+000 -1.643497939e-006 1.890000000e+000 1.890000000e+000 6.315246832e-008 3.150000000e+000 3.150000000e+000 1.177415632e-007 1.000000000e+000 1.000000000e+000 1.462603907e-006 
d 1.27000000000000e-008 0.000000000e+000 0.000000000e+000 -1.992740229e-006 3.000000000e+000 3.000000000e+000 -2.594674183e-008 5.000000000e+000 5.000000000e+000 -4.672123173e-008 1.000000000e+000 1.000000000e+000 2.065408202e-006 
d 2.55000000000000e-008 0.000000000e+000 0.000000000e+000 -2.020077059e-006 3.000000000e+000 3.000000000e+000 1.516667295e-011 5.000000000e+000 5.000000000e+000 9.148440141e-011 1.000000000e+000 1.000000000e+000 2.019970408e-006 
d 3.00000000000000e-008 0.000000000e+000 0.000000000e+000 -2.019150553e-006 3.000000000e+000 3.000000000e+000 -1.604369663e-013 5.000000000e+000 5.000000000e+000 -1.375889781e-012 1.000000000e+000 1.000000000e+000 2.019152090e-006 
d 3.01000000000000e-008 0.000000000e+000 0.000000000e+000 -2.005874394e-006 3.000000000e+000 3.000000000e+000 2.738027622e-009 4.950000000e+000 4.950000000e+000 -1.296259061e-007 1.000000000e+000 1.000000000e+000 2.132762273e-006 
d 3.03000000000000e-008 0.000000000e+000 0.000000000e+000 -1.996567995e-006 3.000000000e+000 3.000000000e+000 4.594252098e-009 4.850000000e+000 4.850000000e+000 -1.165056979e-007 1.000000000e+000 1.000000000e+000 2.108479440e-006 
d 3.07000000000000e-008 0.000000000e+000 0.000000000e+000 -1.980187824e-006 3.000000000e+000 3.000000000e+000 4.352449823e-009 4.650000000e+000 4.650000000e+000 -1.182843941e-007 1.000000000e+000 1.000000000e+000 2.094119768e-006 
d 3.15000000000000e-008 0.000000000e+000 0.000000000e+000 -1.942972335e-006 3.000000000e+000 3.000000000e+000 4.453547023e-009 4.250000000e+000 4.250000000e+000 -1.175520672e-007 1.000000000e+000 1.000000000e+000 2.056070855e-006 
d 3.31000000000000e-008 0.000000000e+000 0.000000000e+000 -1.843658991e-006 3.000000000e+000 3.000000000e+000 4.701588439e-009 3.450000000e+000 3.450000000e+000 -1.157943204e-007 1.000000000e+000 1.000000000e+000 1.954751723e-006 
d 3.63000000000000e-008 0.000000000e+000 0.000000000e+000 -1.317025505e-006 3.000000000e+000 3.000000000e+000 6.918975949e-009 1.850000000e+000 1.850000000e+000 -9.971331826e-008 1.000000000e+000 1.000000000e+000 1.409819847e-006 
d 4.27000000000000e-008 0.000000000e+000 0.000000000e+000 -6.753907155e-008 3.000000000e+000 3.000000000e+000 -3.657032271e-009 0.000000000e+000 0.000000000e+000 2.984115260e-008 1.000000000e+000 1.000000000e+000 4.137677540e-008 
d 4.46533062198476e-008 0.000000000e+000 0.000000000e+000 -6.272419999e-008 3.000000000e+000 3.000000000e+000 -6.123533789e-011 0.000000000e+000 0.000000000e+000 -2.215358038e-010 1.000000000e+000 1.000000000e+000 6.300673320e-008 
d 4.65585313203442e-008 0.000000000e+000 0.000000000e+000 -6.312443951e-008 3.000000000e+000 3.000000000e+000 7.937770540e-012 0.000000000e+000 0.000000000e+000 1.850914861e-011 1.000000000e+000 1.000000000e+000 6.309799252e-008 
d 5.03689815213376e-008 0.000000000e+000 0.000000000e+000 -6.335852944e-008 3.000000000e+000 3.000000000e+000 -9.033943262e-013 0.000000000e+000 0.000000000e+000 -3.577520276e-012 1.000000000e+000 1.000000000e+000 6.336301038e-008 
d 5.79898819233243e-008 0.000000000e+000 0.000000000e+000 -6.361291805e-008 3.000000000e+000 3.000000000e+000 -6.772140517e-014 0.000000000e+000 0.000000000e+000 -1.091064046e-012 1.000000000e+000 1.000000000e+000 6.361407678e-008 
d 7.32316827272977e-008 0.000000000e+000 0.000000000e+000 -6.390806048e-008 3.000000000e+000 3.000000000e+000 -4.644344804e-014 0.000000000e+000 0.000000000e+000 -5.063016500e-013 1.000000000e+000 1.000000000e+000 6.390861320e-008 
d 1.00000000000000e-007 0.000000000e+000 0.000000000e+000 -6.408817045e-008 3.000000000e+000 3.000000000e+000 -9.365518011e-015 0.000000000e+000 0.000000000e+000 -1.044534364e-013 1.000000000e+000 1.000000000e+000 6.408828426e-008 
