v ATLAS
# This file was created by ATLAS version 5.26.1.R on Thu Nov 28 16:44:24 2019.
#SSF 2.0 generic
##############################################################################
#                    Copyright (c) 1984 - 2018                               #
#                    Silvaco Inc. All rights reserved                        #
#                                                                            #
# This file format and the following Key are copyright Silvaco Inc.          #
# You may not use, this format or key without reproducing this message in    #
# full and obtaining express written permission from Silvaco Inc.            #
#                                                                            #
# To obtain such permission please contact: Silvaco Inc.                     #
#                                           support@silvaco.com              #
#                                                                            #
# KEY=SVC86hn7562asdx                       PROD=345                         #
##############################################################################
y 1 15
z 300
f 4 "source" "gate1" "gate2" "drain" 
p 13 61 2 601 20 3 602 21 4 603 22 5 604 23 
d 1.00000000000000e-011 0.000000000e+000 0.000000000e+000 -5.957990363e-007 3.000000000e-002 3.000000000e-002 4.211723150e-007 5.000000000e-002 5.000000000e-002 5.360247893e-007 1.000000000e+000 1.000000000e+000 -3.613980679e-007 
d 3.00000000000000e-011 0.000000000e+000 0.000000000e+000 -6.033771606e-007 9.000000000e-002 9.000000000e-002 4.240764323e-007 1.500000000e-001 1.500000000e-001 5.381888557e-007 1.000000000e+000 1.000000000e+000 -3.588881274e-007 
d 7.00000000000000e-011 0.000000000e+000 0.000000000e+000 -6.501528626e-007 2.100000000e-001 2.100000000e-001 4.493135070e-007 3.500000000e-001 3.500000000e-001 5.486498829e-007 1.000000000e+000 1.000000000e+000 -3.478105272e-007 
d 1.50000000000000e-010 0.000000000e+000 0.000000000e+000 -8.418815725e-007 4.500000000e-001 4.500000000e-001 5.182457167e-007 7.500000000e-001 7.500000000e-001 5.862036742e-007 1.000000000e+000 1.000000000e+000 -2.625678184e-007 
d 3.10000000000000e-010 0.000000000e+000 0.000000000e+000 -1.513009279e-006 9.300000000e-001 9.300000000e-001 5.721576599e-007 1.550000000e+000 1.550000000e+000 7.112725191e-007 1.000000000e+000 1.000000000e+000 2.295790968e-007 
d 6.30000000000000e-010 0.000000000e+000 0.000000000e+000 -2.446102658e-006 1.890000000e+000 1.890000000e+000 6.312736479e-007 3.150000000e+000 3.150000000e+000 1.200150063e-006 1.000000000e+000 1.000000000e+000 6.146789472e-007 
d 1.27000000000000e-009 0.000000000e+000 0.000000000e+000 -1.849203178e-006 3.000000000e+000 3.000000000e+000 -2.536679250e-007 5.000000000e+000 5.000000000e+000 -4.339525960e-007 1.000000000e+000 1.000000000e+000 2.536823699e-006 
d 2.55000000000000e-009 0.000000000e+000 0.000000000e+000 -2.061468650e-006 3.000000000e+000 3.000000000e+000 1.258850097e-009 5.000000000e+000 5.000000000e+000 7.297791534e-009 1.000000000e+000 1.000000000e+000 2.052912008e-006 
d 3.00000000000000e-009 0.000000000e+000 0.000000000e+000 -2.051298947e-006 3.000000000e+000 3.000000000e+000 -1.028432216e-010 5.000000000e+000 5.000000000e+000 -7.899391307e-010 1.000000000e+000 1.000000000e+000 2.052191729e-006 
d 3.01000000000000e-009 0.000000000e+000 0.000000000e+000 -1.904546089e-006 3.000000000e+000 3.000000000e+000 6.876312510e-008 4.950000000e+000 4.950000000e+000 -9.898392063e-007 1.000000000e+000 1.000000000e+000 2.825622170e-006 
d 3.03000000000000e-009 0.000000000e+000 0.000000000e+000 -1.930180715e-006 3.000000000e+000 3.000000000e+000 4.644076202e-008 4.850000000e+000 4.850000000e+000 -1.161233122e-006 1.000000000e+000 1.000000000e+000 3.044973076e-006 
d 3.07000000000000e-009 0.000000000e+000 0.000000000e+000 -1.908373125e-006 3.000000000e+000 3.000000000e+000 4.410574515e-008 4.650000000e+000 4.650000000e+000 -1.178461896e-006 1.000000000e+000 1.000000000e+000 3.042729275e-006 
d 3.15000000000000e-009 0.000000000e+000 0.000000000e+000 -1.861984394e-006 3.000000000e+000 3.000000000e+000 4.529248503e-008 4.250000000e+000 4.250000000e+000 -1.169863496e-006 1.000000000e+000 1.000000000e+000 2.986555405e-006 
d 3.31000000000000e-009 0.000000000e+000 0.000000000e+000 -1.738358940e-006 3.000000000e+000 3.000000000e+000 4.788856351e-008 3.450000000e+000 3.450000000e+000 -1.151103174e-006 1.000000000e+000 1.000000000e+000 2.841573551e-006 
d 3.63000000000000e-009 0.000000000e+000 0.000000000e+000 -1.159193135e-006 3.000000000e+000 3.000000000e+000 6.734148334e-008 1.850000000e+000 1.850000000e+000 -1.006742077e-006 1.000000000e+000 1.000000000e+000 2.098593728e-006 
d 3.95000000000000e-009 0.000000000e+000 0.000000000e+000 8.604078538e-008 3.000000000e+000 3.000000000e+000 9.887910430e-008 2.500000000e-001 2.500000000e-001 -5.964853302e-007 1.000000000e+000 1.000000000e+000 4.115654406e-007 
d 4.11224891113001e-009 0.000000000e+000 0.000000000e+000 -7.750036079e-008 3.000000000e+000 3.000000000e+000 -2.445293016e-008 0.000000000e+000 0.000000000e+000 1.224875808e-007 1.000000000e+000 1.000000000e+000 -2.063339573e-008 
d 4.27415990935315e-009 0.000000000e+000 0.000000000e+000 -4.199405325e-008 3.000000000e+000 3.000000000e+000 -7.652352331e-010 0.000000000e+000 0.000000000e+000 -2.261409173e-009 1.000000000e+000 1.000000000e+000 4.502069764e-008 
d 4.43607090757629e-009 0.000000000e+000 0.000000000e+000 -4.607472187e-008 3.000000000e+000 3.000000000e+000 -1.200052516e-010 0.000000000e+000 0.000000000e+000 -1.031062631e-009 1.000000000e+000 1.000000000e+000 4.722578974e-008 
d 4.59798190579942e-009 0.000000000e+000 0.000000000e+000 -4.893135700e-008 3.000000000e+000 3.000000000e+000 -3.971392581e-011 0.000000000e+000 0.000000000e+000 -6.656832282e-010 1.000000000e+000 1.000000000e+000 4.963675414e-008 
d 4.92180390224570e-009 0.000000000e+000 0.000000000e+000 -5.314813469e-008 3.000000000e+000 3.000000000e+000 -1.818166937e-011 0.000000000e+000 0.000000000e+000 -4.094540949e-010 1.000000000e+000 1.000000000e+000 5.357577046e-008 
d 5.56944789513824e-009 0.000000000e+000 0.000000000e+000 -5.808083949e-008 3.000000000e+000 3.000000000e+000 -1.276870276e-011 0.000000000e+000 0.000000000e+000 -2.053436939e-010 1.000000000e+000 1.000000000e+000 5.829895195e-008 
d 6.86473588092333e-009 0.000000000e+000 0.000000000e+000 -6.215257686e-008 3.000000000e+000 3.000000000e+000 -4.083945511e-012 0.000000000e+000 0.000000000e+000 -5.972918726e-011 1.000000000e+000 1.000000000e+000 6.221639000e-008 
d 9.45531185249352e-009 0.000000000e+000 0.000000000e+000 -6.393898037e-008 3.000000000e+000 3.000000000e+000 -2.255908598e-013 0.000000000e+000 0.000000000e+000 -3.133954502e-012 1.000000000e+000 1.000000000e+000 6.394233991e-008 
d 1.00000000000000e-008 0.000000000e+000 0.000000000e+000 -6.397345971e-008 3.000000000e+000 3.000000000e+000 -1.374478952e-013 0.000000000e+000 0.000000000e+000 -1.967816278e-012 1.000000000e+000 1.000000000e+000 6.397556502e-008 
