v ATLAS
# This file was created by ATLAS version 5.26.1.R on Thu Nov 28 14:40:01 2019.
#SSF 2.0 generic
##############################################################################
#                    Copyright (c) 1984 - 2018                               #
#                    Silvaco Inc. All rights reserved                        #
#                                                                            #
# This file format and the following Key are copyright Silvaco Inc.          #
# You may not use, this format or key without reproducing this message in    #
# full and obtaining express written permission from Silvaco Inc.            #
#                                                                            #
# To obtain such permission please contact: Silvaco Inc.                     #
#                                           support@silvaco.com              #
#                                                                            #
# KEY=SVC86hn7562asdx                       PROD=345                         #
##############################################################################
y 1 15
z 300
f 4 "source" "gate1" "gate2" "drain" 
p 12 2 601 20 3 602 21 4 603 22 5 604 23 
d 0.000000000e+000 0.000000000e+000 -4.781366183e-012 4.000000000e+000 4.000000000e+000 0.000000000e+000 -5.000000000e+000 -5.000000000e+000 0.000000000e+000 1.000000000e+000 1.000000000e+000 4.781335582e-012 
d 0.000000000e+000 0.000000000e+000 -5.643215062e-012 4.000000000e+000 4.000000000e+000 0.000000000e+000 -4.500000000e+000 -4.500000000e+000 0.000000000e+000 1.000000000e+000 1.000000000e+000 5.643175390e-012 
d 0.000000000e+000 0.000000000e+000 -6.907784428e-012 4.000000000e+000 4.000000000e+000 0.000000000e+000 -4.000000000e+000 -4.000000000e+000 0.000000000e+000 1.000000000e+000 1.000000000e+000 6.907811178e-012 
d 0.000000000e+000 0.000000000e+000 -8.908345349e-012 4.000000000e+000 4.000000000e+000 0.000000000e+000 -3.500000000e+000 -3.500000000e+000 0.000000000e+000 1.000000000e+000 1.000000000e+000 8.908330861e-012 
d 0.000000000e+000 0.000000000e+000 -1.187178427e-011 4.000000000e+000 4.000000000e+000 0.000000000e+000 -3.000000000e+000 -3.000000000e+000 0.000000000e+000 1.000000000e+000 1.000000000e+000 1.187179505e-011 
d 0.000000000e+000 0.000000000e+000 -1.638727169e-011 4.000000000e+000 4.000000000e+000 0.000000000e+000 -2.500000000e+000 -2.500000000e+000 0.000000000e+000 1.000000000e+000 1.000000000e+000 1.638723873e-011 
d 0.000000000e+000 0.000000000e+000 -2.536920107e-011 4.000000000e+000 4.000000000e+000 0.000000000e+000 -2.000000000e+000 -2.000000000e+000 0.000000000e+000 1.000000000e+000 1.000000000e+000 2.536917476e-011 
d 0.000000000e+000 0.000000000e+000 -5.197998342e-011 4.000000000e+000 4.000000000e+000 0.000000000e+000 -1.500000000e+000 -1.500000000e+000 0.000000000e+000 1.000000000e+000 1.000000000e+000 5.197999067e-011 
d 0.000000000e+000 0.000000000e+000 -2.891714482e-010 4.000000000e+000 4.000000000e+000 0.000000000e+000 -1.000000000e+000 -1.000000000e+000 0.000000000e+000 1.000000000e+000 1.000000000e+000 2.891714967e-010 
d 0.000000000e+000 0.000000000e+000 -7.860269650e-009 4.000000000e+000 4.000000000e+000 0.000000000e+000 -5.000000000e-001 -5.000000000e-001 0.000000000e+000 1.000000000e+000 1.000000000e+000 7.860269665e-009 
d 0.000000000e+000 0.000000000e+000 -8.502485956e-008 4.000000000e+000 4.000000000e+000 0.000000000e+000 5.510695461e-016 5.510695461e-016 0.000000000e+000 1.000000000e+000 1.000000000e+000 8.502485952e-008 
d 0.000000000e+000 0.000000000e+000 -3.160976765e-007 4.000000000e+000 4.000000000e+000 0.000000000e+000 5.000000000e-001 5.000000000e-001 0.000000000e+000 1.000000000e+000 1.000000000e+000 3.160976766e-007 
d 0.000000000e+000 0.000000000e+000 -7.200811031e-007 4.000000000e+000 4.000000000e+000 0.000000000e+000 1.000000000e+000 1.000000000e+000 0.000000000e+000 1.000000000e+000 1.000000000e+000 7.200811031e-007 
d 0.000000000e+000 0.000000000e+000 -1.216020545e-006 4.000000000e+000 4.000000000e+000 0.000000000e+000 1.500000000e+000 1.500000000e+000 0.000000000e+000 1.000000000e+000 1.000000000e+000 1.216020545e-006 
d 0.000000000e+000 0.000000000e+000 -1.613880099e-006 4.000000000e+000 4.000000000e+000 0.000000000e+000 2.000000000e+000 2.000000000e+000 0.000000000e+000 1.000000000e+000 1.000000000e+000 1.613880099e-006 
d 0.000000000e+000 0.000000000e+000 -1.845996368e-006 4.000000000e+000 4.000000000e+000 0.000000000e+000 2.500000000e+000 2.500000000e+000 0.000000000e+000 1.000000000e+000 1.000000000e+000 1.845996365e-006 
d 0.000000000e+000 0.000000000e+000 -1.986537247e-006 4.000000000e+000 4.000000000e+000 0.000000000e+000 3.000000000e+000 3.000000000e+000 0.000000000e+000 1.000000000e+000 1.000000000e+000 1.986537248e-006 
d 0.000000000e+000 0.000000000e+000 -2.081049292e-006 4.000000000e+000 4.000000000e+000 0.000000000e+000 3.500000000e+000 3.500000000e+000 0.000000000e+000 1.000000000e+000 1.000000000e+000 2.081049292e-006 
d 0.000000000e+000 0.000000000e+000 -2.150052445e-006 4.000000000e+000 4.000000000e+000 0.000000000e+000 4.000000000e+000 4.000000000e+000 0.000000000e+000 1.000000000e+000 1.000000000e+000 2.150052445e-006 
d 0.000000000e+000 0.000000000e+000 -2.203549152e-006 4.000000000e+000 4.000000000e+000 0.000000000e+000 4.500000000e+000 4.500000000e+000 0.000000000e+000 1.000000000e+000 1.000000000e+000 2.203549152e-006 
d 0.000000000e+000 0.000000000e+000 -2.246912187e-006 4.000000000e+000 4.000000000e+000 0.000000000e+000 5.000000000e+000 5.000000000e+000 0.000000000e+000 1.000000000e+000 1.000000000e+000 2.246912187e-006 
d 0.000000000e+000 0.000000000e+000 -2.283272726e-006 4.000000000e+000 4.000000000e+000 0.000000000e+000 5.500000000e+000 5.500000000e+000 0.000000000e+000 1.000000000e+000 1.000000000e+000 2.283272726e-006 
d 0.000000000e+000 0.000000000e+000 -2.314576139e-006 4.000000000e+000 4.000000000e+000 0.000000000e+000 6.000000000e+000 6.000000000e+000 0.000000000e+000 1.000000000e+000 1.000000000e+000 2.314576138e-006 
d 0.000000000e+000 0.000000000e+000 -2.342101237e-006 4.000000000e+000 4.000000000e+000 0.000000000e+000 6.500000000e+000 6.500000000e+000 0.000000000e+000 1.000000000e+000 1.000000000e+000 2.342101238e-006 
d 0.000000000e+000 0.000000000e+000 -2.366720436e-006 4.000000000e+000 4.000000000e+000 0.000000000e+000 7.000000000e+000 7.000000000e+000 0.000000000e+000 1.000000000e+000 1.000000000e+000 2.366720436e-006 
d 0.000000000e+000 0.000000000e+000 -2.389051932e-006 4.000000000e+000 4.000000000e+000 0.000000000e+000 7.500000000e+000 7.500000000e+000 0.000000000e+000 1.000000000e+000 1.000000000e+000 2.389051932e-006 
d 0.000000000e+000 0.000000000e+000 -2.409546107e-006 4.000000000e+000 4.000000000e+000 0.000000000e+000 8.000000000e+000 8.000000000e+000 0.000000000e+000 1.000000000e+000 1.000000000e+000 2.409546107e-006 
d 0.000000000e+000 0.000000000e+000 -2.428539611e-006 4.000000000e+000 4.000000000e+000 0.000000000e+000 8.500000000e+000 8.500000000e+000 0.000000000e+000 1.000000000e+000 1.000000000e+000 2.428539611e-006 
d 0.000000000e+000 0.000000000e+000 -2.446289474e-006 4.000000000e+000 4.000000000e+000 0.000000000e+000 9.000000000e+000 9.000000000e+000 0.000000000e+000 1.000000000e+000 1.000000000e+000 2.446289474e-006 
d 0.000000000e+000 0.000000000e+000 -2.462995607e-006 4.000000000e+000 4.000000000e+000 0.000000000e+000 9.500000000e+000 9.500000000e+000 0.000000000e+000 1.000000000e+000 1.000000000e+000 2.462995607e-006 
d 0.000000000e+000 0.000000000e+000 -2.478815802e-006 4.000000000e+000 4.000000000e+000 0.000000000e+000 1.000000000e+001 1.000000000e+001 0.000000000e+000 1.000000000e+000 1.000000000e+000 2.478815802e-006 
