v ATLAS
# This file was created by ATLAS version 5.26.1.R on Thu Nov 28 14:42:38 2019.
#SSF 2.0 generic
##############################################################################
#                    Copyright (c) 1984 - 2018                               #
#                    Silvaco Inc. All rights reserved                        #
#                                                                            #
# This file format and the following Key are copyright Silvaco Inc.          #
# You may not use, this format or key without reproducing this message in    #
# full and obtaining express written permission from Silvaco Inc.            #
#                                                                            #
# To obtain such permission please contact: Silvaco Inc.                     #
#                                           support@silvaco.com              #
#                                                                            #
# KEY=SVC86hn7562asdx                       PROD=345                         #
##############################################################################
y 1 15
z 300
f 4 "source" "gate1" "gate2" "drain" 
p 12 2 601 20 3 602 21 4 603 22 5 604 23 
d 0.000000000e+000 0.000000000e+000 -1.009862168e-011 1.250000000e+000 1.250000000e+000 0.000000000e+000 -1.250000000e+000 -1.250000000e+000 0.000000000e+000 1.000000000e+000 1.000000000e+000 1.009859938e-011 
d 0.000000000e+000 0.000000000e+000 -6.221060022e-012 2.500000000e+000 2.500000000e+000 0.000000000e+000 -2.500000000e+000 -2.500000000e+000 0.000000000e+000 1.000000000e+000 1.000000000e+000 6.221027366e-012 
d 0.000000000e+000 0.000000000e+000 -7.822569780e-012 5.000000000e+000 5.000000000e+000 0.000000000e+000 -5.000000000e+000 -5.000000000e+000 0.000000000e+000 1.000000000e+000 1.000000000e+000 7.822599209e-012 
d 0.000000000e+000 0.000000000e+000 -9.109323231e-012 5.000000000e+000 5.000000000e+000 0.000000000e+000 -4.500000000e+000 -4.500000000e+000 0.000000000e+000 1.000000000e+000 1.000000000e+000 9.109304838e-012 
d 0.000000000e+000 0.000000000e+000 -1.095318958e-011 5.000000000e+000 5.000000000e+000 0.000000000e+000 -4.000000000e+000 -4.000000000e+000 0.000000000e+000 1.000000000e+000 1.000000000e+000 1.095315314e-011 
d 0.000000000e+000 0.000000000e+000 -1.367341897e-011 5.000000000e+000 5.000000000e+000 0.000000000e+000 -3.500000000e+000 -3.500000000e+000 0.000000000e+000 1.000000000e+000 1.000000000e+000 1.367347091e-011 
d 0.000000000e+000 0.000000000e+000 -1.760875408e-011 5.000000000e+000 5.000000000e+000 0.000000000e+000 -3.000000000e+000 -3.000000000e+000 0.000000000e+000 1.000000000e+000 1.000000000e+000 1.760870762e-011 
d 0.000000000e+000 0.000000000e+000 -2.386238320e-011 5.000000000e+000 5.000000000e+000 0.000000000e+000 -2.500000000e+000 -2.500000000e+000 0.000000000e+000 1.000000000e+000 1.000000000e+000 2.386236089e-011 
d 0.000000000e+000 0.000000000e+000 -3.702293099e-011 5.000000000e+000 5.000000000e+000 0.000000000e+000 -2.000000000e+000 -2.000000000e+000 0.000000000e+000 1.000000000e+000 1.000000000e+000 3.702292988e-011 
d 0.000000000e+000 0.000000000e+000 -7.652024335e-011 5.000000000e+000 5.000000000e+000 0.000000000e+000 -1.500000000e+000 -1.500000000e+000 0.000000000e+000 1.000000000e+000 1.000000000e+000 7.652028106e-011 
d 0.000000000e+000 0.000000000e+000 -4.393850888e-010 5.000000000e+000 5.000000000e+000 0.000000000e+000 -1.000000000e+000 -1.000000000e+000 0.000000000e+000 1.000000000e+000 1.000000000e+000 4.393850313e-010 
d 0.000000000e+000 0.000000000e+000 -1.049106857e-008 5.000000000e+000 5.000000000e+000 0.000000000e+000 -5.000000000e-001 -5.000000000e-001 0.000000000e+000 1.000000000e+000 1.000000000e+000 1.049106852e-008 
d 0.000000000e+000 0.000000000e+000 -1.057103027e-007 5.000000000e+000 5.000000000e+000 0.000000000e+000 5.510695461e-016 5.510695461e-016 0.000000000e+000 1.000000000e+000 1.000000000e+000 1.057103027e-007 
d 0.000000000e+000 0.000000000e+000 -3.758561607e-007 5.000000000e+000 5.000000000e+000 0.000000000e+000 5.000000000e-001 5.000000000e-001 0.000000000e+000 1.000000000e+000 1.000000000e+000 3.758561607e-007 
d 0.000000000e+000 0.000000000e+000 -8.243049019e-007 5.000000000e+000 5.000000000e+000 0.000000000e+000 1.000000000e+000 1.000000000e+000 0.000000000e+000 1.000000000e+000 1.000000000e+000 8.243049019e-007 
d 0.000000000e+000 0.000000000e+000 -1.357038103e-006 5.000000000e+000 5.000000000e+000 0.000000000e+000 1.500000000e+000 1.500000000e+000 0.000000000e+000 1.000000000e+000 1.000000000e+000 1.357038103e-006 
d 0.000000000e+000 0.000000000e+000 -1.779347442e-006 5.000000000e+000 5.000000000e+000 0.000000000e+000 2.000000000e+000 2.000000000e+000 0.000000000e+000 1.000000000e+000 1.000000000e+000 1.779347442e-006 
d 0.000000000e+000 0.000000000e+000 -2.030013116e-006 5.000000000e+000 5.000000000e+000 0.000000000e+000 2.500000000e+000 2.500000000e+000 0.000000000e+000 1.000000000e+000 1.000000000e+000 2.030013115e-006 
d 0.000000000e+000 0.000000000e+000 -2.183854771e-006 5.000000000e+000 5.000000000e+000 0.000000000e+000 3.000000000e+000 3.000000000e+000 0.000000000e+000 1.000000000e+000 1.000000000e+000 2.183854771e-006 
d 0.000000000e+000 0.000000000e+000 -2.287990802e-006 5.000000000e+000 5.000000000e+000 0.000000000e+000 3.500000000e+000 3.500000000e+000 0.000000000e+000 1.000000000e+000 1.000000000e+000 2.287990802e-006 
d 0.000000000e+000 0.000000000e+000 -2.364144832e-006 5.000000000e+000 5.000000000e+000 0.000000000e+000 4.000000000e+000 4.000000000e+000 0.000000000e+000 1.000000000e+000 1.000000000e+000 2.364144832e-006 
d 0.000000000e+000 0.000000000e+000 -2.423133974e-006 5.000000000e+000 5.000000000e+000 0.000000000e+000 4.500000000e+000 4.500000000e+000 0.000000000e+000 1.000000000e+000 1.000000000e+000 2.423133974e-006 
d 0.000000000e+000 0.000000000e+000 -2.470844701e-006 5.000000000e+000 5.000000000e+000 0.000000000e+000 5.000000000e+000 5.000000000e+000 0.000000000e+000 1.000000000e+000 1.000000000e+000 2.470844701e-006 
d 0.000000000e+000 0.000000000e+000 -2.510733231e-006 5.000000000e+000 5.000000000e+000 0.000000000e+000 5.500000000e+000 5.500000000e+000 0.000000000e+000 1.000000000e+000 1.000000000e+000 2.510733231e-006 
d 0.000000000e+000 0.000000000e+000 -2.544963508e-006 5.000000000e+000 5.000000000e+000 0.000000000e+000 6.000000000e+000 6.000000000e+000 0.000000000e+000 1.000000000e+000 1.000000000e+000 2.544963508e-006 
d 0.000000000e+000 0.000000000e+000 -2.574959606e-006 5.000000000e+000 5.000000000e+000 0.000000000e+000 6.500000000e+000 6.500000000e+000 0.000000000e+000 1.000000000e+000 1.000000000e+000 2.574959606e-006 
d 0.000000000e+000 0.000000000e+000 -2.601697291e-006 5.000000000e+000 5.000000000e+000 0.000000000e+000 7.000000000e+000 7.000000000e+000 0.000000000e+000 1.000000000e+000 1.000000000e+000 2.601697291e-006 
d 0.000000000e+000 0.000000000e+000 -2.625868430e-006 5.000000000e+000 5.000000000e+000 0.000000000e+000 7.500000000e+000 7.500000000e+000 0.000000000e+000 1.000000000e+000 1.000000000e+000 2.625868430e-006 
d 0.000000000e+000 0.000000000e+000 -2.647978120e-006 5.000000000e+000 5.000000000e+000 0.000000000e+000 8.000000000e+000 8.000000000e+000 0.000000000e+000 1.000000000e+000 1.000000000e+000 2.647978120e-006 
d 0.000000000e+000 0.000000000e+000 -2.668404213e-006 5.000000000e+000 5.000000000e+000 0.000000000e+000 8.500000000e+000 8.500000000e+000 0.000000000e+000 1.000000000e+000 1.000000000e+000 2.668404213e-006 
d 0.000000000e+000 0.000000000e+000 -2.687433010e-006 5.000000000e+000 5.000000000e+000 0.000000000e+000 9.000000000e+000 9.000000000e+000 0.000000000e+000 1.000000000e+000 1.000000000e+000 2.687433010e-006 
d 0.000000000e+000 0.000000000e+000 -2.705291417e-006 5.000000000e+000 5.000000000e+000 0.000000000e+000 9.500000000e+000 9.500000000e+000 0.000000000e+000 1.000000000e+000 1.000000000e+000 2.705291417e-006 
d 0.000000000e+000 0.000000000e+000 -2.722157096e-006 5.000000000e+000 5.000000000e+000 0.000000000e+000 1.000000000e+001 1.000000000e+001 0.000000000e+000 1.000000000e+000 1.000000000e+000 2.722157096e-006 
