v ATLAS
# This file was created by ATLAS version 5.26.1.R on Thu Nov 28 14:31:39 2019.
#SSF 2.0 generic
##############################################################################
#                    Copyright (c) 1984 - 2018                               #
#                    Silvaco Inc. All rights reserved                        #
#                                                                            #
# This file format and the following Key are copyright Silvaco Inc.          #
# You may not use, this format or key without reproducing this message in    #
# full and obtaining express written permission from Silvaco Inc.            #
#                                                                            #
# To obtain such permission please contact: Silvaco Inc.                     #
#                                           support@silvaco.com              #
#                                                                            #
# KEY=SVC86hn7562asdx                       PROD=345                         #
##############################################################################
y 1 15
z 300
f 4 "source" "gate1" "gate2" "drain" 
p 12 2 601 20 3 602 21 4 603 22 5 604 23 
d 0.000000000e+000 0.000000000e+000 -5.462116305e-013 0.000000000e+000 0.000000000e+000 0.000000000e+000 -5.000000000e+000 -5.000000000e+000 0.000000000e+000 1.000000000e+000 1.000000000e+000 5.462206484e-013 
d 0.000000000e+000 0.000000000e+000 -5.788637012e-013 0.000000000e+000 0.000000000e+000 0.000000000e+000 -4.500000000e+000 -4.500000000e+000 0.000000000e+000 1.000000000e+000 1.000000000e+000 5.788476528e-013 
d 0.000000000e+000 0.000000000e+000 -6.206004803e-013 0.000000000e+000 0.000000000e+000 0.000000000e+000 -4.000000000e+000 -4.000000000e+000 0.000000000e+000 1.000000000e+000 1.000000000e+000 6.205531371e-013 
d 0.000000000e+000 0.000000000e+000 -6.772341849e-013 0.000000000e+000 0.000000000e+000 0.000000000e+000 -3.500000000e+000 -3.500000000e+000 0.000000000e+000 1.000000000e+000 1.000000000e+000 6.772748834e-013 
d 0.000000000e+000 0.000000000e+000 -7.530666215e-013 0.000000000e+000 0.000000000e+000 0.000000000e+000 -3.000000000e+000 -3.000000000e+000 0.000000000e+000 1.000000000e+000 1.000000000e+000 7.529818531e-013 
d 0.000000000e+000 0.000000000e+000 -8.615451370e-013 0.000000000e+000 0.000000000e+000 0.000000000e+000 -2.500000000e+000 -2.500000000e+000 0.000000000e+000 1.000000000e+000 1.000000000e+000 8.615529318e-013 
d 0.000000000e+000 0.000000000e+000 -1.049809430e-012 0.000000000e+000 0.000000000e+000 0.000000000e+000 -2.000000000e+000 -2.000000000e+000 0.000000000e+000 1.000000000e+000 1.000000000e+000 1.049796700e-012 
d 0.000000000e+000 0.000000000e+000 -1.457426884e-012 0.000000000e+000 0.000000000e+000 0.000000000e+000 -1.500000000e+000 -1.500000000e+000 0.000000000e+000 1.000000000e+000 1.000000000e+000 1.457485783e-012 
d 0.000000000e+000 0.000000000e+000 -3.044255970e-012 0.000000000e+000 0.000000000e+000 0.000000000e+000 -1.000000000e+000 -1.000000000e+000 0.000000000e+000 1.000000000e+000 1.000000000e+000 3.044262930e-012 
d 0.000000000e+000 0.000000000e+000 -4.569204669e-011 0.000000000e+000 0.000000000e+000 0.000000000e+000 -5.000000000e-001 -5.000000000e-001 0.000000000e+000 1.000000000e+000 1.000000000e+000 4.569202763e-011 
d 0.000000000e+000 0.000000000e+000 -1.458956903e-009 0.000000000e+000 0.000000000e+000 0.000000000e+000 5.510695461e-016 5.510695461e-016 0.000000000e+000 1.000000000e+000 1.000000000e+000 1.458956866e-009 
d 0.000000000e+000 0.000000000e+000 -1.756063495e-008 0.000000000e+000 0.000000000e+000 0.000000000e+000 5.000000000e-001 5.000000000e-001 0.000000000e+000 1.000000000e+000 1.000000000e+000 1.756063495e-008 
d 0.000000000e+000 0.000000000e+000 -8.465882450e-008 0.000000000e+000 0.000000000e+000 0.000000000e+000 1.000000000e+000 1.000000000e+000 0.000000000e+000 1.000000000e+000 1.000000000e+000 8.465882452e-008 
d 0.000000000e+000 0.000000000e+000 -2.336706497e-007 0.000000000e+000 0.000000000e+000 0.000000000e+000 1.500000000e+000 1.500000000e+000 0.000000000e+000 1.000000000e+000 1.000000000e+000 2.336706481e-007 
d 0.000000000e+000 0.000000000e+000 -4.241475371e-007 0.000000000e+000 0.000000000e+000 0.000000000e+000 2.000000000e+000 2.000000000e+000 0.000000000e+000 1.000000000e+000 1.000000000e+000 4.241475370e-007 
d 0.000000000e+000 0.000000000e+000 -5.542915430e-007 0.000000000e+000 0.000000000e+000 0.000000000e+000 2.500000000e+000 2.500000000e+000 0.000000000e+000 1.000000000e+000 1.000000000e+000 5.542915430e-007 
d 0.000000000e+000 0.000000000e+000 -6.408505300e-007 0.000000000e+000 0.000000000e+000 0.000000000e+000 3.000000000e+000 3.000000000e+000 0.000000000e+000 1.000000000e+000 1.000000000e+000 6.408505300e-007 
d 0.000000000e+000 0.000000000e+000 -7.066433659e-007 0.000000000e+000 0.000000000e+000 0.000000000e+000 3.500000000e+000 3.500000000e+000 0.000000000e+000 1.000000000e+000 1.000000000e+000 7.066433659e-007 
d 0.000000000e+000 0.000000000e+000 -7.586459280e-007 0.000000000e+000 0.000000000e+000 0.000000000e+000 4.000000000e+000 4.000000000e+000 0.000000000e+000 1.000000000e+000 1.000000000e+000 7.586459280e-007 
d 0.000000000e+000 0.000000000e+000 -8.017038642e-007 0.000000000e+000 0.000000000e+000 0.000000000e+000 4.500000000e+000 4.500000000e+000 0.000000000e+000 1.000000000e+000 1.000000000e+000 8.017038642e-007 
d 0.000000000e+000 0.000000000e+000 -8.391223993e-007 0.000000000e+000 0.000000000e+000 0.000000000e+000 5.000000000e+000 5.000000000e+000 0.000000000e+000 1.000000000e+000 1.000000000e+000 8.391223993e-007 
d 0.000000000e+000 0.000000000e+000 -8.716015366e-007 0.000000000e+000 0.000000000e+000 0.000000000e+000 5.500000000e+000 5.500000000e+000 0.000000000e+000 1.000000000e+000 1.000000000e+000 8.716015365e-007 
d 0.000000000e+000 0.000000000e+000 -8.995199526e-007 0.000000000e+000 0.000000000e+000 0.000000000e+000 6.000000000e+000 6.000000000e+000 0.000000000e+000 1.000000000e+000 1.000000000e+000 8.995199526e-007 
d 0.000000000e+000 0.000000000e+000 -9.239546626e-007 0.000000000e+000 0.000000000e+000 0.000000000e+000 6.500000000e+000 6.500000000e+000 0.000000000e+000 1.000000000e+000 1.000000000e+000 9.239546627e-007 
d 0.000000000e+000 0.000000000e+000 -9.459764330e-007 0.000000000e+000 0.000000000e+000 0.000000000e+000 7.000000000e+000 7.000000000e+000 0.000000000e+000 1.000000000e+000 1.000000000e+000 9.459764330e-007 
d 0.000000000e+000 0.000000000e+000 -9.662694223e-007 0.000000000e+000 0.000000000e+000 0.000000000e+000 7.500000000e+000 7.500000000e+000 0.000000000e+000 1.000000000e+000 1.000000000e+000 9.662694223e-007 
d 0.000000000e+000 0.000000000e+000 -9.851887669e-007 0.000000000e+000 0.000000000e+000 0.000000000e+000 8.000000000e+000 8.000000000e+000 0.000000000e+000 1.000000000e+000 1.000000000e+000 9.851887670e-007 
d 0.000000000e+000 0.000000000e+000 -1.002869835e-006 0.000000000e+000 0.000000000e+000 0.000000000e+000 8.500000000e+000 8.500000000e+000 0.000000000e+000 1.000000000e+000 1.000000000e+000 1.002869835e-006 
d 0.000000000e+000 0.000000000e+000 -1.019335378e-006 0.000000000e+000 0.000000000e+000 0.000000000e+000 9.000000000e+000 9.000000000e+000 0.000000000e+000 1.000000000e+000 1.000000000e+000 1.019335378e-006 
d 0.000000000e+000 0.000000000e+000 -1.034611118e-006 0.000000000e+000 0.000000000e+000 0.000000000e+000 9.500000000e+000 9.500000000e+000 0.000000000e+000 1.000000000e+000 1.000000000e+000 1.034611118e-006 
d 0.000000000e+000 0.000000000e+000 -1.048791005e-006 0.000000000e+000 0.000000000e+000 0.000000000e+000 1.000000000e+001 1.000000000e+001 0.000000000e+000 1.000000000e+000 1.000000000e+000 1.048791005e-006 
