v ATLAS
# This file was created by ATLAS version 5.26.1.R on Thu Nov 28 14:35:43 2019.
#SSF 2.0 generic
##############################################################################
#                    Copyright (c) 1984 - 2018                               #
#                    Silvaco Inc. All rights reserved                        #
#                                                                            #
# This file format and the following Key are copyright Silvaco Inc.          #
# You may not use, this format or key without reproducing this message in    #
# full and obtaining express written permission from Silvaco Inc.            #
#                                                                            #
# To obtain such permission please contact: Silvaco Inc.                     #
#                                           support@silvaco.com              #
#                                                                            #
# KEY=SVC86hn7562asdx                       PROD=345                         #
##############################################################################
y 1 15
z 300
f 4 "source" "gate1" "gate2" "drain" 
p 12 2 601 20 3 602 21 4 603 22 5 604 23 
d 0.000000000e+000 0.000000000e+000 -1.745767164e-012 2.000000000e+000 2.000000000e+000 0.000000000e+000 -5.000000000e+000 -5.000000000e+000 0.000000000e+000 1.000000000e+000 1.000000000e+000 1.745763763e-012 
d 0.000000000e+000 0.000000000e+000 -1.952352145e-012 2.000000000e+000 2.000000000e+000 0.000000000e+000 -4.500000000e+000 -4.500000000e+000 0.000000000e+000 1.000000000e+000 1.000000000e+000 1.952338115e-012 
d 0.000000000e+000 0.000000000e+000 -2.245624039e-012 2.000000000e+000 2.000000000e+000 0.000000000e+000 -4.000000000e+000 -4.000000000e+000 0.000000000e+000 1.000000000e+000 1.000000000e+000 2.245659691e-012 
d 0.000000000e+000 0.000000000e+000 -2.672172630e-012 2.000000000e+000 2.000000000e+000 0.000000000e+000 -3.500000000e+000 -3.500000000e+000 0.000000000e+000 1.000000000e+000 1.000000000e+000 2.672198180e-012 
d 0.000000000e+000 0.000000000e+000 -3.302729088e-012 2.000000000e+000 2.000000000e+000 0.000000000e+000 -3.000000000e+000 -3.000000000e+000 0.000000000e+000 1.000000000e+000 1.000000000e+000 3.302714182e-012 
d 0.000000000e+000 0.000000000e+000 -4.357308600e-012 2.000000000e+000 2.000000000e+000 0.000000000e+000 -2.500000000e+000 -2.500000000e+000 0.000000000e+000 1.000000000e+000 1.000000000e+000 4.357302961e-012 
d 0.000000000e+000 0.000000000e+000 -6.570985046e-012 2.000000000e+000 2.000000000e+000 0.000000000e+000 -2.000000000e+000 -2.000000000e+000 0.000000000e+000 1.000000000e+000 1.000000000e+000 6.571032865e-012 
d 0.000000000e+000 0.000000000e+000 -1.275313609e-011 2.000000000e+000 2.000000000e+000 0.000000000e+000 -1.500000000e+000 -1.500000000e+000 0.000000000e+000 1.000000000e+000 1.000000000e+000 1.275311530e-011 
d 0.000000000e+000 0.000000000e+000 -6.238579964e-011 2.000000000e+000 2.000000000e+000 0.000000000e+000 -1.000000000e+000 -1.000000000e+000 0.000000000e+000 1.000000000e+000 1.000000000e+000 6.238581748e-011 
d 0.000000000e+000 0.000000000e+000 -2.685793522e-009 2.000000000e+000 2.000000000e+000 0.000000000e+000 -5.000000000e-001 -5.000000000e-001 0.000000000e+000 1.000000000e+000 1.000000000e+000 2.685793496e-009 
d 0.000000000e+000 0.000000000e+000 -4.292971200e-008 2.000000000e+000 2.000000000e+000 0.000000000e+000 5.510695461e-016 5.510695461e-016 0.000000000e+000 1.000000000e+000 1.000000000e+000 4.292971204e-008 
d 0.000000000e+000 0.000000000e+000 -1.927655379e-007 2.000000000e+000 2.000000000e+000 0.000000000e+000 5.000000000e-001 5.000000000e-001 0.000000000e+000 1.000000000e+000 1.000000000e+000 1.927655379e-007 
d 0.000000000e+000 0.000000000e+000 -4.937473331e-007 2.000000000e+000 2.000000000e+000 0.000000000e+000 1.000000000e+000 1.000000000e+000 0.000000000e+000 1.000000000e+000 1.000000000e+000 4.937473330e-007 
d 0.000000000e+000 0.000000000e+000 -8.972253745e-007 2.000000000e+000 2.000000000e+000 0.000000000e+000 1.500000000e+000 1.500000000e+000 0.000000000e+000 1.000000000e+000 1.000000000e+000 8.972253746e-007 
d 0.000000000e+000 0.000000000e+000 -1.238336901e-006 2.000000000e+000 2.000000000e+000 0.000000000e+000 2.000000000e+000 2.000000000e+000 0.000000000e+000 1.000000000e+000 1.000000000e+000 1.238336901e-006 
d 0.000000000e+000 0.000000000e+000 -1.435824051e-006 2.000000000e+000 2.000000000e+000 0.000000000e+000 2.500000000e+000 2.500000000e+000 0.000000000e+000 1.000000000e+000 1.000000000e+000 1.435824051e-006 
d 0.000000000e+000 0.000000000e+000 -1.554156596e-006 2.000000000e+000 2.000000000e+000 0.000000000e+000 3.000000000e+000 3.000000000e+000 0.000000000e+000 1.000000000e+000 1.000000000e+000 1.554156596e-006 
d 0.000000000e+000 0.000000000e+000 -1.633535107e-006 2.000000000e+000 2.000000000e+000 0.000000000e+000 3.500000000e+000 3.500000000e+000 0.000000000e+000 1.000000000e+000 1.000000000e+000 1.633535107e-006 
d 0.000000000e+000 0.000000000e+000 -1.691530594e-006 2.000000000e+000 2.000000000e+000 0.000000000e+000 4.000000000e+000 4.000000000e+000 0.000000000e+000 1.000000000e+000 1.000000000e+000 1.691530594e-006 
d 0.000000000e+000 0.000000000e+000 -1.736601833e-006 2.000000000e+000 2.000000000e+000 0.000000000e+000 4.500000000e+000 4.500000000e+000 0.000000000e+000 1.000000000e+000 1.000000000e+000 1.736601833e-006 
d 0.000000000e+000 0.000000000e+000 -1.773263441e-006 2.000000000e+000 2.000000000e+000 0.000000000e+000 5.000000000e+000 5.000000000e+000 0.000000000e+000 1.000000000e+000 1.000000000e+000 1.773263441e-006 
d 0.000000000e+000 0.000000000e+000 -1.804134227e-006 2.000000000e+000 2.000000000e+000 0.000000000e+000 5.500000000e+000 5.500000000e+000 0.000000000e+000 1.000000000e+000 1.000000000e+000 1.804134227e-006 
d 0.000000000e+000 0.000000000e+000 -1.830834748e-006 2.000000000e+000 2.000000000e+000 0.000000000e+000 6.000000000e+000 6.000000000e+000 0.000000000e+000 1.000000000e+000 1.000000000e+000 1.830834748e-006 
d 0.000000000e+000 0.000000000e+000 -1.854426514e-006 2.000000000e+000 2.000000000e+000 0.000000000e+000 6.500000000e+000 6.500000000e+000 0.000000000e+000 1.000000000e+000 1.000000000e+000 1.854426514e-006 
d 0.000000000e+000 0.000000000e+000 -1.875631726e-006 2.000000000e+000 2.000000000e+000 0.000000000e+000 7.000000000e+000 7.000000000e+000 0.000000000e+000 1.000000000e+000 1.000000000e+000 1.875631726e-006 
d 0.000000000e+000 0.000000000e+000 -1.894959937e-006 2.000000000e+000 2.000000000e+000 0.000000000e+000 7.500000000e+000 7.500000000e+000 0.000000000e+000 1.000000000e+000 1.000000000e+000 1.894959937e-006 
d 0.000000000e+000 0.000000000e+000 -1.912782235e-006 2.000000000e+000 2.000000000e+000 0.000000000e+000 8.000000000e+000 8.000000000e+000 0.000000000e+000 1.000000000e+000 1.000000000e+000 1.912782235e-006 
d 0.000000000e+000 0.000000000e+000 -1.929375404e-006 2.000000000e+000 2.000000000e+000 0.000000000e+000 8.500000000e+000 8.500000000e+000 0.000000000e+000 1.000000000e+000 1.000000000e+000 1.929375404e-006 
d 0.000000000e+000 0.000000000e+000 -1.944950208e-006 2.000000000e+000 2.000000000e+000 0.000000000e+000 9.000000000e+000 9.000000000e+000 0.000000000e+000 1.000000000e+000 1.000000000e+000 1.944950208e-006 
d 0.000000000e+000 0.000000000e+000 -1.959670589e-006 2.000000000e+000 2.000000000e+000 0.000000000e+000 9.500000000e+000 9.500000000e+000 0.000000000e+000 1.000000000e+000 1.000000000e+000 1.959670589e-006 
d 0.000000000e+000 0.000000000e+000 -1.973665889e-006 2.000000000e+000 2.000000000e+000 0.000000000e+000 1.000000000e+001 1.000000000e+001 0.000000000e+000 1.000000000e+000 1.000000000e+000 1.973665889e-006 
