v ATLAS
# This file was created by ATLAS version 5.26.1.R on Thu Nov 28 14:37:56 2019.
#SSF 2.0 generic
##############################################################################
#                    Copyright (c) 1984 - 2018                               #
#                    Silvaco Inc. All rights reserved                        #
#                                                                            #
# This file format and the following Key are copyright Silvaco Inc.          #
# You may not use, this format or key without reproducing this message in    #
# full and obtaining express written permission from Silvaco Inc.            #
#                                                                            #
# To obtain such permission please contact: Silvaco Inc.                     #
#                                           support@silvaco.com              #
#                                                                            #
# KEY=SVC86hn7562asdx                       PROD=345                         #
##############################################################################
y 1 15
z 300
f 4 "source" "gate1" "gate2" "drain" 
p 12 2 601 20 3 602 21 4 603 22 5 604 23 
d 0.000000000e+000 0.000000000e+000 -3.111135388e-012 1.500000000e+000 1.500000000e+000 0.000000000e+000 -2.500000000e+000 -2.500000000e+000 0.000000000e+000 1.000000000e+000 1.000000000e+000 3.111139654e-012 
d 0.000000000e+000 0.000000000e+000 -2.832406144e-012 3.000000000e+000 3.000000000e+000 0.000000000e+000 -5.000000000e+000 -5.000000000e+000 0.000000000e+000 1.000000000e+000 1.000000000e+000 2.832421784e-012 
d 0.000000000e+000 0.000000000e+000 -3.274105732e-012 3.000000000e+000 3.000000000e+000 0.000000000e+000 -4.500000000e+000 -4.500000000e+000 0.000000000e+000 1.000000000e+000 1.000000000e+000 3.274048616e-012 
d 0.000000000e+000 0.000000000e+000 -3.882532592e-012 3.000000000e+000 3.000000000e+000 0.000000000e+000 -4.000000000e+000 -4.000000000e+000 0.000000000e+000 1.000000000e+000 1.000000000e+000 3.882593970e-012 
d 0.000000000e+000 0.000000000e+000 -4.794630498e-012 3.000000000e+000 3.000000000e+000 0.000000000e+000 -3.500000000e+000 -3.500000000e+000 0.000000000e+000 1.000000000e+000 1.000000000e+000 4.794602994e-012 
d 0.000000000e+000 0.000000000e+000 -6.292228623e-012 3.000000000e+000 3.000000000e+000 0.000000000e+000 -3.000000000e+000 -3.000000000e+000 0.000000000e+000 1.000000000e+000 1.000000000e+000 6.292210768e-012 
d 0.000000000e+000 0.000000000e+000 -9.001182842e-012 3.000000000e+000 3.000000000e+000 0.000000000e+000 -2.500000000e+000 -2.500000000e+000 0.000000000e+000 1.000000000e+000 1.000000000e+000 9.001102706e-012 
d 0.000000000e+000 0.000000000e+000 -1.465029023e-011 3.000000000e+000 3.000000000e+000 0.000000000e+000 -2.000000000e+000 -2.000000000e+000 0.000000000e+000 1.000000000e+000 1.000000000e+000 1.465028852e-011 
d 0.000000000e+000 0.000000000e+000 -3.092193999e-011 3.000000000e+000 3.000000000e+000 0.000000000e+000 -1.500000000e+000 -1.500000000e+000 0.000000000e+000 1.000000000e+000 1.000000000e+000 3.092195585e-011 
d 0.000000000e+000 0.000000000e+000 -1.647506493e-010 3.000000000e+000 3.000000000e+000 0.000000000e+000 -1.000000000e+000 -1.000000000e+000 0.000000000e+000 1.000000000e+000 1.000000000e+000 1.647506263e-010 
d 0.000000000e+000 0.000000000e+000 -5.218435855e-009 3.000000000e+000 3.000000000e+000 0.000000000e+000 -5.000000000e-001 -5.000000000e-001 0.000000000e+000 1.000000000e+000 1.000000000e+000 5.218435916e-009 
d 0.000000000e+000 0.000000000e+000 -6.413156952e-008 3.000000000e+000 3.000000000e+000 0.000000000e+000 5.510695461e-016 5.510695461e-016 0.000000000e+000 1.000000000e+000 1.000000000e+000 6.413156951e-008 
d 0.000000000e+000 0.000000000e+000 -2.556593212e-007 3.000000000e+000 3.000000000e+000 0.000000000e+000 5.000000000e-001 5.000000000e-001 0.000000000e+000 1.000000000e+000 1.000000000e+000 2.556593212e-007 
d 0.000000000e+000 0.000000000e+000 -6.119611770e-007 3.000000000e+000 3.000000000e+000 0.000000000e+000 1.000000000e+000 1.000000000e+000 0.000000000e+000 1.000000000e+000 1.000000000e+000 6.119611771e-007 
d 0.000000000e+000 0.000000000e+000 -1.067237420e-006 3.000000000e+000 3.000000000e+000 0.000000000e+000 1.500000000e+000 1.500000000e+000 0.000000000e+000 1.000000000e+000 1.000000000e+000 1.067237420e-006 
d 0.000000000e+000 0.000000000e+000 -1.439222292e-006 3.000000000e+000 3.000000000e+000 0.000000000e+000 2.000000000e+000 2.000000000e+000 0.000000000e+000 1.000000000e+000 1.000000000e+000 1.439222292e-006 
d 0.000000000e+000 0.000000000e+000 -1.653114299e-006 3.000000000e+000 3.000000000e+000 0.000000000e+000 2.500000000e+000 2.500000000e+000 0.000000000e+000 1.000000000e+000 1.000000000e+000 1.653114299e-006 
d 0.000000000e+000 0.000000000e+000 -1.780911130e-006 3.000000000e+000 3.000000000e+000 0.000000000e+000 3.000000000e+000 3.000000000e+000 0.000000000e+000 1.000000000e+000 1.000000000e+000 1.780911130e-006 
d 0.000000000e+000 0.000000000e+000 -1.866445030e-006 3.000000000e+000 3.000000000e+000 0.000000000e+000 3.500000000e+000 3.500000000e+000 0.000000000e+000 1.000000000e+000 1.000000000e+000 1.866445031e-006 
d 0.000000000e+000 0.000000000e+000 -1.928880134e-006 3.000000000e+000 3.000000000e+000 0.000000000e+000 4.000000000e+000 4.000000000e+000 0.000000000e+000 1.000000000e+000 1.000000000e+000 1.928880134e-006 
d 0.000000000e+000 0.000000000e+000 -1.977379548e-006 3.000000000e+000 3.000000000e+000 0.000000000e+000 4.500000000e+000 4.500000000e+000 0.000000000e+000 1.000000000e+000 1.000000000e+000 1.977379548e-006 
d 0.000000000e+000 0.000000000e+000 -2.016809872e-006 3.000000000e+000 3.000000000e+000 0.000000000e+000 5.000000000e+000 5.000000000e+000 0.000000000e+000 1.000000000e+000 1.000000000e+000 2.016809872e-006 
d 0.000000000e+000 0.000000000e+000 -2.049987073e-006 3.000000000e+000 3.000000000e+000 0.000000000e+000 5.500000000e+000 5.500000000e+000 0.000000000e+000 1.000000000e+000 1.000000000e+000 2.049987073e-006 
d 0.000000000e+000 0.000000000e+000 -2.078654825e-006 3.000000000e+000 3.000000000e+000 0.000000000e+000 6.000000000e+000 6.000000000e+000 0.000000000e+000 1.000000000e+000 1.000000000e+000 2.078654825e-006 
d 0.000000000e+000 0.000000000e+000 -2.103953165e-006 3.000000000e+000 3.000000000e+000 0.000000000e+000 6.500000000e+000 6.500000000e+000 0.000000000e+000 1.000000000e+000 1.000000000e+000 2.103953165e-006 
d 0.000000000e+000 0.000000000e+000 -2.126661056e-006 3.000000000e+000 3.000000000e+000 0.000000000e+000 7.000000000e+000 7.000000000e+000 0.000000000e+000 1.000000000e+000 1.000000000e+000 2.126661056e-006 
d 0.000000000e+000 0.000000000e+000 -2.147328738e-006 3.000000000e+000 3.000000000e+000 0.000000000e+000 7.500000000e+000 7.500000000e+000 0.000000000e+000 1.000000000e+000 1.000000000e+000 2.147328738e-006 
d 0.000000000e+000 0.000000000e+000 -2.166357167e-006 3.000000000e+000 3.000000000e+000 0.000000000e+000 8.000000000e+000 8.000000000e+000 0.000000000e+000 1.000000000e+000 1.000000000e+000 2.166357167e-006 
d 0.000000000e+000 0.000000000e+000 -2.184045575e-006 3.000000000e+000 3.000000000e+000 0.000000000e+000 8.500000000e+000 8.500000000e+000 0.000000000e+000 1.000000000e+000 1.000000000e+000 2.184045575e-006 
d 0.000000000e+000 0.000000000e+000 -2.200623053e-006 3.000000000e+000 3.000000000e+000 0.000000000e+000 9.000000000e+000 9.000000000e+000 0.000000000e+000 1.000000000e+000 1.000000000e+000 2.200623053e-006 
d 0.000000000e+000 0.000000000e+000 -2.216267418e-006 3.000000000e+000 3.000000000e+000 0.000000000e+000 9.500000000e+000 9.500000000e+000 0.000000000e+000 1.000000000e+000 1.000000000e+000 2.216267418e-006 
d 0.000000000e+000 0.000000000e+000 -2.231119481e-006 3.000000000e+000 3.000000000e+000 0.000000000e+000 1.000000000e+001 1.000000000e+001 0.000000000e+000 1.000000000e+000 1.000000000e+000 2.231119481e-006 
