v ATLAS
# This file was created by ATLAS version 5.26.1.R on Thu Nov 28 14:33:40 2019.
#SSF 2.0 generic
##############################################################################
#                    Copyright (c) 1984 - 2018                               #
#                    Silvaco Inc. All rights reserved                        #
#                                                                            #
# This file format and the following Key are copyright Silvaco Inc.          #
# You may not use, this format or key without reproducing this message in    #
# full and obtaining express written permission from Silvaco Inc.            #
#                                                                            #
# To obtain such permission please contact: Silvaco Inc.                     #
#                                           support@silvaco.com              #
#                                                                            #
# KEY=SVC86hn7562asdx                       PROD=345                         #
##############################################################################
y 1 15
z 300
f 4 "source" "gate1" "gate2" "drain" 
p 12 2 601 20 3 602 21 4 603 22 5 604 23 
d 0.000000000e+000 0.000000000e+000 -1.146228679e-012 1.000000000e+000 1.000000000e+000 0.000000000e+000 -5.000000000e+000 -5.000000000e+000 0.000000000e+000 1.000000000e+000 1.000000000e+000 1.144988127e-012 
d 0.000000000e+000 0.000000000e+000 -1.242151795e-012 1.000000000e+000 1.000000000e+000 0.000000000e+000 -4.500000000e+000 -4.500000000e+000 0.000000000e+000 1.000000000e+000 1.000000000e+000 1.242140313e-012 
d 0.000000000e+000 0.000000000e+000 -1.371075682e-012 1.000000000e+000 1.000000000e+000 0.000000000e+000 -4.000000000e+000 -4.000000000e+000 0.000000000e+000 1.000000000e+000 1.000000000e+000 1.371046528e-012 
d 0.000000000e+000 0.000000000e+000 -1.555573999e-012 1.000000000e+000 1.000000000e+000 0.000000000e+000 -3.500000000e+000 -3.500000000e+000 0.000000000e+000 1.000000000e+000 1.000000000e+000 1.555519026e-012 
d 0.000000000e+000 0.000000000e+000 -1.824628229e-012 1.000000000e+000 1.000000000e+000 0.000000000e+000 -3.000000000e+000 -3.000000000e+000 0.000000000e+000 1.000000000e+000 1.000000000e+000 1.824588152e-012 
d 0.000000000e+000 0.000000000e+000 -2.247296490e-012 1.000000000e+000 1.000000000e+000 0.000000000e+000 -2.500000000e+000 -2.500000000e+000 0.000000000e+000 1.000000000e+000 1.000000000e+000 2.247312305e-012 
d 0.000000000e+000 0.000000000e+000 -3.049661069e-012 1.000000000e+000 1.000000000e+000 0.000000000e+000 -2.000000000e+000 -2.000000000e+000 0.000000000e+000 1.000000000e+000 1.000000000e+000 3.049665096e-012 
d 0.000000000e+000 0.000000000e+000 -5.074300955e-012 1.000000000e+000 1.000000000e+000 0.000000000e+000 -1.500000000e+000 -1.500000000e+000 0.000000000e+000 1.000000000e+000 1.000000000e+000 5.074299098e-012 
d 0.000000000e+000 0.000000000e+000 -1.633653711e-011 1.000000000e+000 1.000000000e+000 0.000000000e+000 -1.000000000e+000 -1.000000000e+000 0.000000000e+000 1.000000000e+000 1.000000000e+000 1.633657498e-011 
d 0.000000000e+000 0.000000000e+000 -5.806007317e-010 1.000000000e+000 1.000000000e+000 0.000000000e+000 -5.000000000e-001 -5.000000000e-001 0.000000000e+000 1.000000000e+000 1.000000000e+000 5.806007198e-010 
d 0.000000000e+000 0.000000000e+000 -1.865788564e-008 1.000000000e+000 1.000000000e+000 0.000000000e+000 5.510695461e-016 5.510695461e-016 0.000000000e+000 1.000000000e+000 1.000000000e+000 1.865788560e-008 
d 0.000000000e+000 0.000000000e+000 -1.148427410e-007 1.000000000e+000 1.000000000e+000 0.000000000e+000 5.000000000e-001 5.000000000e-001 0.000000000e+000 1.000000000e+000 1.000000000e+000 1.148427410e-007 
d 0.000000000e+000 0.000000000e+000 -3.307569884e-007 1.000000000e+000 1.000000000e+000 0.000000000e+000 1.000000000e+000 1.000000000e+000 0.000000000e+000 1.000000000e+000 1.000000000e+000 3.307569884e-007 
d 0.000000000e+000 0.000000000e+000 -6.465286563e-007 1.000000000e+000 1.000000000e+000 0.000000000e+000 1.500000000e+000 1.500000000e+000 0.000000000e+000 1.000000000e+000 1.000000000e+000 6.465286543e-007 
d 0.000000000e+000 0.000000000e+000 -9.454780971e-007 1.000000000e+000 1.000000000e+000 0.000000000e+000 2.000000000e+000 2.000000000e+000 0.000000000e+000 1.000000000e+000 1.000000000e+000 9.454780971e-007 
d 0.000000000e+000 0.000000000e+000 -1.131526028e-006 1.000000000e+000 1.000000000e+000 0.000000000e+000 2.500000000e+000 2.500000000e+000 0.000000000e+000 1.000000000e+000 1.000000000e+000 1.131526028e-006 
d 0.000000000e+000 0.000000000e+000 -1.249670750e-006 1.000000000e+000 1.000000000e+000 0.000000000e+000 3.000000000e+000 3.000000000e+000 0.000000000e+000 1.000000000e+000 1.000000000e+000 1.249670750e-006 
d 0.000000000e+000 0.000000000e+000 -1.332405340e-006 1.000000000e+000 1.000000000e+000 0.000000000e+000 3.500000000e+000 3.500000000e+000 0.000000000e+000 1.000000000e+000 1.000000000e+000 1.332405340e-006 
d 0.000000000e+000 0.000000000e+000 -1.394349556e-006 1.000000000e+000 1.000000000e+000 0.000000000e+000 4.000000000e+000 4.000000000e+000 0.000000000e+000 1.000000000e+000 1.000000000e+000 1.394349556e-006 
d 0.000000000e+000 0.000000000e+000 -1.442712428e-006 1.000000000e+000 1.000000000e+000 0.000000000e+000 4.500000000e+000 4.500000000e+000 0.000000000e+000 1.000000000e+000 1.000000000e+000 1.442712428e-006 
d 0.000000000e+000 0.000000000e+000 -1.481843250e-006 1.000000000e+000 1.000000000e+000 0.000000000e+000 5.000000000e+000 5.000000000e+000 0.000000000e+000 1.000000000e+000 1.000000000e+000 1.481843250e-006 
d 0.000000000e+000 0.000000000e+000 -1.514468779e-006 1.000000000e+000 1.000000000e+000 0.000000000e+000 5.500000000e+000 5.500000000e+000 0.000000000e+000 1.000000000e+000 1.000000000e+000 1.514468780e-006 
d 0.000000000e+000 0.000000000e+000 -1.542277285e-006 1.000000000e+000 1.000000000e+000 0.000000000e+000 6.000000000e+000 6.000000000e+000 0.000000000e+000 1.000000000e+000 1.000000000e+000 1.542277285e-006 
d 0.000000000e+000 0.000000000e+000 -1.566411769e-006 1.000000000e+000 1.000000000e+000 0.000000000e+000 6.500000000e+000 6.500000000e+000 0.000000000e+000 1.000000000e+000 1.000000000e+000 1.566411769e-006 
d 0.000000000e+000 0.000000000e+000 -1.587718204e-006 1.000000000e+000 1.000000000e+000 0.000000000e+000 7.000000000e+000 7.000000000e+000 0.000000000e+000 1.000000000e+000 1.000000000e+000 1.587718204e-006 
d 0.000000000e+000 0.000000000e+000 -1.606835256e-006 1.000000000e+000 1.000000000e+000 0.000000000e+000 7.500000000e+000 7.500000000e+000 0.000000000e+000 1.000000000e+000 1.000000000e+000 1.606835256e-006 
d 0.000000000e+000 0.000000000e+000 -1.624239109e-006 1.000000000e+000 1.000000000e+000 0.000000000e+000 8.000000000e+000 8.000000000e+000 0.000000000e+000 1.000000000e+000 1.000000000e+000 1.624239109e-006 
d 0.000000000e+000 0.000000000e+000 -1.640282454e-006 1.000000000e+000 1.000000000e+000 0.000000000e+000 8.500000000e+000 8.500000000e+000 0.000000000e+000 1.000000000e+000 1.000000000e+000 1.640282454e-006 
d 0.000000000e+000 0.000000000e+000 -1.655228159e-006 1.000000000e+000 1.000000000e+000 0.000000000e+000 9.000000000e+000 9.000000000e+000 0.000000000e+000 1.000000000e+000 1.000000000e+000 1.655228159e-006 
d 0.000000000e+000 0.000000000e+000 -1.669274355e-006 1.000000000e+000 1.000000000e+000 0.000000000e+000 9.500000000e+000 9.500000000e+000 0.000000000e+000 1.000000000e+000 1.000000000e+000 1.669274355e-006 
d 0.000000000e+000 0.000000000e+000 -1.682572304e-006 1.000000000e+000 1.000000000e+000 0.000000000e+000 1.000000000e+001 1.000000000e+001 0.000000000e+000 1.000000000e+000 1.000000000e+000 1.682572304e-006 
