v ATLAS
# This file was created by ATLAS version 5.26.1.R on Thu Nov 28 16:38:58 2019.
#SSF 2.0 generic
##############################################################################
#                    Copyright (c) 1984 - 2018                               #
#                    Silvaco Inc. All rights reserved                        #
#                                                                            #
# This file format and the following Key are copyright Silvaco Inc.          #
# You may not use, this format or key without reproducing this message in    #
# full and obtaining express written permission from Silvaco Inc.            #
#                                                                            #
# To obtain such permission please contact: Silvaco Inc.                     #
#                                           support@silvaco.com              #
#                                                                            #
# KEY=SVC86hn7562asdx                       PROD=345                         #
##############################################################################
y 1 15
z 300
f 4 "source" "gate1" "gate2" "drain" 
p 13 61 2 601 20 3 602 21 4 603 22 5 604 23 
d 1.00000000000000e-012 0.000000000e+000 0.000000000e+000 -5.774164314e-006 3.000000000e-002 3.000000000e-002 4.124109079e-006 5.000000000e-002 5.000000000e-002 5.338968002e-006 1.000000000e+000 1.000000000e+000 -3.688912766e-006 
d 3.00000000000000e-012 0.000000000e+000 0.000000000e+000 -5.804165423e-006 9.000000000e-002 9.000000000e-002 4.126058493e-006 1.500000000e-001 1.500000000e-001 5.321990389e-006 1.000000000e+000 1.000000000e+000 -3.643883458e-006 
d 7.00000000000000e-012 0.000000000e+000 0.000000000e+000 -6.044921217e-006 2.100000000e-001 2.100000000e-001 4.299929751e-006 3.500000000e-001 3.500000000e-001 5.367610139e-006 1.000000000e+000 1.000000000e+000 -3.622618673e-006 
d 1.50000000000000e-011 0.000000000e+000 0.000000000e+000 -6.729564584e-006 4.500000000e-001 4.500000000e-001 4.805518537e-006 7.500000000e-001 7.500000000e-001 5.488584543e-006 1.000000000e+000 1.000000000e+000 -3.564538495e-006 
d 3.10000000000000e-011 0.000000000e+000 0.000000000e+000 -8.244687491e-006 9.300000000e-001 9.300000000e-001 5.787901210e-006 1.550000000e+000 1.550000000e+000 5.931075312e-006 1.000000000e+000 1.000000000e+000 -3.474289030e-006 
d 6.30000000000000e-011 0.000000000e+000 0.000000000e+000 -9.446070343e-006 1.890000000e+000 1.890000000e+000 6.038826659e-006 3.150000000e+000 3.150000000e+000 1.021195181e-005 1.000000000e+000 1.000000000e+000 -6.804708130e-006 
d 1.27000000000000e-010 0.000000000e+000 0.000000000e+000 7.816550449e-007 3.000000000e+000 3.000000000e+000 -1.934495937e-006 5.000000000e+000 5.000000000e+000 -8.924565510e-007 1.000000000e+000 1.000000000e+000 2.045297418e-006 
d 2.55000000000000e-010 0.000000000e+000 0.000000000e+000 -2.305598581e-006 3.000000000e+000 3.000000000e+000 -1.736348190e-008 5.000000000e+000 5.000000000e+000 -2.753411918e-007 1.000000000e+000 1.000000000e+000 2.598304500e-006 
d 3.00000000000000e-010 0.000000000e+000 0.000000000e+000 -2.242915630e-006 3.000000000e+000 3.000000000e+000 4.091327392e-009 5.000000000e+000 5.000000000e+000 4.503838316e-008 1.000000000e+000 1.000000000e+000 2.193785919e-006 
d 3.01000000000000e-010 0.000000000e+000 0.000000000e+000 -6.434375793e-007 3.000000000e+000 3.000000000e+000 1.152690963e-006 4.950000000e+000 4.950000000e+000 -6.908798078e-006 1.000000000e+000 1.000000000e+000 6.399544695e-006 
d 3.03000000000000e-010 0.000000000e+000 0.000000000e+000 -6.000941279e-007 3.000000000e+000 3.000000000e+000 1.011975362e-006 4.850000000e+000 4.850000000e+000 -7.795099115e-006 1.000000000e+000 1.000000000e+000 7.383217882e-006 
d 3.07000000000000e-010 0.000000000e+000 0.000000000e+000 -7.312446856e-007 3.000000000e+000 3.000000000e+000 8.232498822e-007 4.650000000e+000 4.650000000e+000 -8.964138150e-006 1.000000000e+000 1.000000000e+000 8.872132954e-006 
d 3.15000000000000e-010 0.000000000e+000 0.000000000e+000 -8.579086578e-007 3.000000000e+000 3.000000000e+000 6.454423692e-007 4.250000000e+000 4.250000000e+000 -1.023670665e-005 1.000000000e+000 1.000000000e+000 1.044917294e-005 
d 3.31000000000000e-010 0.000000000e+000 0.000000000e+000 -7.234768696e-007 3.000000000e+000 3.000000000e+000 5.539480712e-007 3.450000000e+000 3.450000000e+000 -1.094184302e-005 1.000000000e+000 1.000000000e+000 1.111137182e-005 
d 3.63000000000000e-010 0.000000000e+000 0.000000000e+000 3.244090551e-008 3.000000000e+000 3.000000000e+000 6.426097168e-007 1.850000000e+000 1.850000000e+000 -1.025003835e-005 1.000000000e+000 1.000000000e+000 9.574987725e-006 
d 4.27000000000000e-010 0.000000000e+000 0.000000000e+000 -7.654228359e-007 3.000000000e+000 3.000000000e+000 -4.556373511e-007 0.000000000e+000 0.000000000e+000 2.835526410e-006 1.000000000e+000 1.000000000e+000 -1.614466223e-006 
d 4.50272739507726e-010 0.000000000e+000 0.000000000e+000 -4.579012440e-008 3.000000000e+000 3.000000000e+000 -3.511463654e-008 0.000000000e+000 0.000000000e+000 -1.354798189e-007 1.000000000e+000 1.000000000e+000 6.542233865e-008 
d 4.81483681897665e-010 0.000000000e+000 0.000000000e+000 -6.239496979e-008 3.000000000e+000 3.000000000e+000 -8.694167749e-009 0.000000000e+000 0.000000000e+000 -2.920738176e-008 1.000000000e+000 1.000000000e+000 1.002965180e-007 
d 5.43905566677545e-010 0.000000000e+000 0.000000000e+000 -5.617020759e-008 3.000000000e+000 3.000000000e+000 -4.570687343e-009 0.000000000e+000 0.000000000e+000 -1.251616314e-008 1.000000000e+000 1.000000000e+000 7.325705796e-008 
d 6.68749336237303e-010 0.000000000e+000 0.000000000e+000 -5.877978215e-008 3.000000000e+000 3.000000000e+000 -8.949243988e-010 0.000000000e+000 0.000000000e+000 -2.584907725e-009 1.000000000e+000 1.000000000e+000 6.225961430e-008 
d 9.18436875356819e-010 0.000000000e+000 0.000000000e+000 -6.075564164e-008 3.000000000e+000 3.000000000e+000 2.393037250e-011 0.000000000e+000 0.000000000e+000 -1.260405039e-010 1.000000000e+000 1.000000000e+000 6.085775177e-008 
d 1.00000000000000e-009 0.000000000e+000 0.000000000e+000 -6.119274978e-008 3.000000000e+000 3.000000000e+000 6.814236555e-012 0.000000000e+000 0.000000000e+000 -1.349132471e-010 1.000000000e+000 1.000000000e+000 6.132084884e-008 
