v ATLAS
# This file was created by ATLAS version 5.26.1.R on Thu Nov 28 15:36:14 2019.
#SSF 2.0 generic
##############################################################################
#                    Copyright (c) 1984 - 2018                               #
#                    Silvaco Inc. All rights reserved                        #
#                                                                            #
# This file format and the following Key are copyright Silvaco Inc.          #
# You may not use, this format or key without reproducing this message in    #
# full and obtaining express written permission from Silvaco Inc.            #
#                                                                            #
# To obtain such permission please contact: Silvaco Inc.                     #
#                                           support@silvaco.com              #
#                                                                            #
# KEY=SVC86hn7562asdx                       PROD=345                         #
##############################################################################
y 1 15
z 300
f 4 "source" "gate1" "gate2" "drain" 
p 12 2 601 20 3 602 21 4 603 22 5 604 23 
d 0.000000000e+000 0.000000000e+000 -7.906840258e-010 -5.000000000e+000 -5.000000000e+000 0.000000000e+000 3.000000000e+000 3.000000000e+000 0.000000000e+000 1.000000000e+000 1.000000000e+000 7.906840569e-010 
d 0.000000000e+000 0.000000000e+000 -1.161020052e-009 -4.500000000e+000 -4.500000000e+000 0.000000000e+000 3.000000000e+000 3.000000000e+000 0.000000000e+000 1.000000000e+000 1.000000000e+000 1.161020108e-009 
d 0.000000000e+000 0.000000000e+000 -1.732996114e-009 -4.000000000e+000 -4.000000000e+000 0.000000000e+000 3.000000000e+000 3.000000000e+000 0.000000000e+000 1.000000000e+000 1.000000000e+000 1.732996202e-009 
d 0.000000000e+000 0.000000000e+000 -2.595039403e-009 -3.500000000e+000 -3.500000000e+000 0.000000000e+000 3.000000000e+000 3.000000000e+000 0.000000000e+000 1.000000000e+000 1.000000000e+000 2.595039342e-009 
d 0.000000000e+000 0.000000000e+000 -3.921243947e-009 -3.000000000e+000 -3.000000000e+000 0.000000000e+000 3.000000000e+000 3.000000000e+000 0.000000000e+000 1.000000000e+000 1.000000000e+000 3.921243930e-009 
d 0.000000000e+000 0.000000000e+000 -6.079420572e-009 -2.500000000e+000 -2.500000000e+000 0.000000000e+000 3.000000000e+000 3.000000000e+000 0.000000000e+000 1.000000000e+000 1.000000000e+000 6.079420555e-009 
d 0.000000000e+000 0.000000000e+000 -9.860900561e-009 -2.000000000e+000 -2.000000000e+000 0.000000000e+000 3.000000000e+000 3.000000000e+000 0.000000000e+000 1.000000000e+000 1.000000000e+000 9.860900570e-009 
d 0.000000000e+000 0.000000000e+000 -1.819619972e-008 -1.500000000e+000 -1.500000000e+000 0.000000000e+000 3.000000000e+000 3.000000000e+000 0.000000000e+000 1.000000000e+000 1.000000000e+000 1.819619972e-008 
d 0.000000000e+000 0.000000000e+000 -5.485761186e-008 -1.000000000e+000 -1.000000000e+000 0.000000000e+000 3.000000000e+000 3.000000000e+000 0.000000000e+000 1.000000000e+000 1.000000000e+000 5.485761187e-008 
d 0.000000000e+000 0.000000000e+000 -2.139779609e-007 -5.000000000e-001 -5.000000000e-001 0.000000000e+000 3.000000000e+000 3.000000000e+000 0.000000000e+000 1.000000000e+000 1.000000000e+000 2.139779609e-007 
d 0.000000000e+000 0.000000000e+000 -6.408461025e-007 5.510695461e-016 5.510695461e-016 0.000000000e+000 3.000000000e+000 3.000000000e+000 0.000000000e+000 1.000000000e+000 1.000000000e+000 6.408461024e-007 
d 0.000000000e+000 0.000000000e+000 -1.040298912e-006 5.000000000e-001 5.000000000e-001 0.000000000e+000 3.000000000e+000 3.000000000e+000 0.000000000e+000 1.000000000e+000 1.000000000e+000 1.040298912e-006 
d 0.000000000e+000 0.000000000e+000 -1.249678457e-006 1.000000000e+000 1.000000000e+000 0.000000000e+000 3.000000000e+000 3.000000000e+000 0.000000000e+000 1.000000000e+000 1.000000000e+000 1.249678457e-006 
d 0.000000000e+000 0.000000000e+000 -1.416226600e-006 1.500000000e+000 1.500000000e+000 0.000000000e+000 3.000000000e+000 3.000000000e+000 0.000000000e+000 1.000000000e+000 1.000000000e+000 1.416226600e-006 
d 0.000000000e+000 0.000000000e+000 -1.554154489e-006 2.000000000e+000 2.000000000e+000 0.000000000e+000 3.000000000e+000 3.000000000e+000 0.000000000e+000 1.000000000e+000 1.000000000e+000 1.554154489e-006 
d 0.000000000e+000 0.000000000e+000 -1.672083629e-006 2.500000000e+000 2.500000000e+000 0.000000000e+000 3.000000000e+000 3.000000000e+000 0.000000000e+000 1.000000000e+000 1.000000000e+000 1.672083629e-006 
d 0.000000000e+000 0.000000000e+000 -1.780939426e-006 3.000000000e+000 3.000000000e+000 0.000000000e+000 3.000000000e+000 3.000000000e+000 0.000000000e+000 1.000000000e+000 1.000000000e+000 1.780939425e-006 
d 0.000000000e+000 0.000000000e+000 -1.885158490e-006 3.500000000e+000 3.500000000e+000 0.000000000e+000 3.000000000e+000 3.000000000e+000 0.000000000e+000 1.000000000e+000 1.000000000e+000 1.885158490e-006 
d 0.000000000e+000 0.000000000e+000 -1.986532378e-006 4.000000000e+000 4.000000000e+000 0.000000000e+000 3.000000000e+000 3.000000000e+000 0.000000000e+000 1.000000000e+000 1.000000000e+000 1.986532378e-006 
d 0.000000000e+000 0.000000000e+000 -2.085931118e-006 4.500000000e+000 4.500000000e+000 0.000000000e+000 3.000000000e+000 3.000000000e+000 0.000000000e+000 1.000000000e+000 1.000000000e+000 2.085931118e-006 
d 0.000000000e+000 0.000000000e+000 -2.183854814e-006 5.000000000e+000 5.000000000e+000 0.000000000e+000 3.000000000e+000 3.000000000e+000 0.000000000e+000 1.000000000e+000 1.000000000e+000 2.183854814e-006 
d 0.000000000e+000 0.000000000e+000 -2.280597440e-006 5.500000000e+000 5.500000000e+000 0.000000000e+000 3.000000000e+000 3.000000000e+000 0.000000000e+000 1.000000000e+000 1.000000000e+000 2.280597440e-006 
d 0.000000000e+000 0.000000000e+000 -2.376340132e-006 6.000000000e+000 6.000000000e+000 0.000000000e+000 3.000000000e+000 3.000000000e+000 0.000000000e+000 1.000000000e+000 1.000000000e+000 2.376340132e-006 
d 0.000000000e+000 0.000000000e+000 -2.471208313e-006 6.500000000e+000 6.500000000e+000 0.000000000e+000 3.000000000e+000 3.000000000e+000 0.000000000e+000 1.000000000e+000 1.000000000e+000 2.471208313e-006 
d 0.000000000e+000 0.000000000e+000 -2.565303673e-006 7.000000000e+000 7.000000000e+000 0.000000000e+000 3.000000000e+000 3.000000000e+000 0.000000000e+000 1.000000000e+000 1.000000000e+000 2.565303673e-006 
d 0.000000000e+000 0.000000000e+000 -2.658703027e-006 7.500000000e+000 7.500000000e+000 0.000000000e+000 3.000000000e+000 3.000000000e+000 0.000000000e+000 1.000000000e+000 1.000000000e+000 2.658703027e-006 
d 0.000000000e+000 0.000000000e+000 -2.751459968e-006 8.000000000e+000 8.000000000e+000 0.000000000e+000 3.000000000e+000 3.000000000e+000 0.000000000e+000 1.000000000e+000 1.000000000e+000 2.751459968e-006 
d 0.000000000e+000 0.000000000e+000 -2.843612552e-006 8.500000000e+000 8.500000000e+000 0.000000000e+000 3.000000000e+000 3.000000000e+000 0.000000000e+000 1.000000000e+000 1.000000000e+000 2.843612552e-006 
d 0.000000000e+000 0.000000000e+000 -2.935189172e-006 9.000000000e+000 9.000000000e+000 0.000000000e+000 3.000000000e+000 3.000000000e+000 0.000000000e+000 1.000000000e+000 1.000000000e+000 2.935189172e-006 
d 0.000000000e+000 0.000000000e+000 -3.026177123e-006 9.500000000e+000 9.500000000e+000 0.000000000e+000 3.000000000e+000 3.000000000e+000 0.000000000e+000 1.000000000e+000 1.000000000e+000 3.026177123e-006 
d 0.000000000e+000 0.000000000e+000 -3.116611649e-006 1.000000000e+001 1.000000000e+001 0.000000000e+000 3.000000000e+000 3.000000000e+000 0.000000000e+000 1.000000000e+000 1.000000000e+000 3.116611649e-006 
