v ATLAS
# This file was created by ATLAS version 5.26.1.R on Thu Nov 28 15:34:07 2019.
#SSF 2.0 generic
##############################################################################
#                    Copyright (c) 1984 - 2018                               #
#                    Silvaco Inc. All rights reserved                        #
#                                                                            #
# This file format and the following Key are copyright Silvaco Inc.          #
# You may not use, this format or key without reproducing this message in    #
# full and obtaining express written permission from Silvaco Inc.            #
#                                                                            #
# To obtain such permission please contact: Silvaco Inc.                     #
#                                           support@silvaco.com              #
#                                                                            #
# KEY=SVC86hn7562asdx                       PROD=345                         #
##############################################################################
y 1 15
z 300
f 4 "source" "gate1" "gate2" "drain" 
p 12 2 601 20 3 602 21 4 603 22 5 604 23 
d 0.000000000e+000 0.000000000e+000 -2.104556605e-010 -5.000000000e+000 -5.000000000e+000 0.000000000e+000 2.000000000e+000 2.000000000e+000 0.000000000e+000 1.000000000e+000 1.000000000e+000 2.104556678e-010 
d 0.000000000e+000 0.000000000e+000 -2.979420848e-010 -4.500000000e+000 -4.500000000e+000 0.000000000e+000 2.000000000e+000 2.000000000e+000 0.000000000e+000 1.000000000e+000 1.000000000e+000 2.979421348e-010 
d 0.000000000e+000 0.000000000e+000 -4.565191973e-010 -4.000000000e+000 -4.000000000e+000 0.000000000e+000 2.000000000e+000 2.000000000e+000 0.000000000e+000 1.000000000e+000 1.000000000e+000 4.565191624e-010 
d 0.000000000e+000 0.000000000e+000 -7.398497893e-010 -3.500000000e+000 -3.500000000e+000 0.000000000e+000 2.000000000e+000 2.000000000e+000 0.000000000e+000 1.000000000e+000 1.000000000e+000 7.398497989e-010 
d 0.000000000e+000 0.000000000e+000 -1.219338586e-009 -3.000000000e+000 -3.000000000e+000 0.000000000e+000 2.000000000e+000 2.000000000e+000 0.000000000e+000 1.000000000e+000 1.000000000e+000 1.219338637e-009 
d 0.000000000e+000 0.000000000e+000 -2.064546613e-009 -2.500000000e+000 -2.500000000e+000 0.000000000e+000 2.000000000e+000 2.000000000e+000 0.000000000e+000 1.000000000e+000 1.000000000e+000 2.064546594e-009 
d 0.000000000e+000 0.000000000e+000 -3.657994490e-009 -2.000000000e+000 -2.000000000e+000 0.000000000e+000 2.000000000e+000 2.000000000e+000 0.000000000e+000 1.000000000e+000 1.000000000e+000 3.657994521e-009 
d 0.000000000e+000 0.000000000e+000 -7.349754946e-009 -1.500000000e+000 -1.500000000e+000 0.000000000e+000 2.000000000e+000 2.000000000e+000 0.000000000e+000 1.000000000e+000 1.000000000e+000 7.349754933e-009 
d 0.000000000e+000 0.000000000e+000 -2.410528579e-008 -1.000000000e+000 -1.000000000e+000 0.000000000e+000 2.000000000e+000 2.000000000e+000 0.000000000e+000 1.000000000e+000 1.000000000e+000 2.410528576e-008 
d 0.000000000e+000 0.000000000e+000 -1.176185517e-007 -5.000000000e-001 -5.000000000e-001 0.000000000e+000 2.000000000e+000 2.000000000e+000 0.000000000e+000 1.000000000e+000 1.000000000e+000 1.176185517e-007 
d 0.000000000e+000 0.000000000e+000 -4.241401465e-007 5.510695461e-016 5.510695461e-016 0.000000000e+000 2.000000000e+000 2.000000000e+000 0.000000000e+000 1.000000000e+000 1.000000000e+000 4.241401464e-007 
d 0.000000000e+000 0.000000000e+000 -7.557608256e-007 5.000000000e-001 5.000000000e-001 0.000000000e+000 2.000000000e+000 2.000000000e+000 0.000000000e+000 1.000000000e+000 1.000000000e+000 7.557608256e-007 
d 0.000000000e+000 0.000000000e+000 -9.454792175e-007 1.000000000e+000 1.000000000e+000 0.000000000e+000 2.000000000e+000 2.000000000e+000 0.000000000e+000 1.000000000e+000 1.000000000e+000 9.454792175e-007 
d 0.000000000e+000 0.000000000e+000 -1.105519870e-006 1.500000000e+000 1.500000000e+000 0.000000000e+000 2.000000000e+000 2.000000000e+000 0.000000000e+000 1.000000000e+000 1.000000000e+000 1.105519870e-006 
d 0.000000000e+000 0.000000000e+000 -1.238329239e-006 2.000000000e+000 2.000000000e+000 0.000000000e+000 2.000000000e+000 2.000000000e+000 0.000000000e+000 1.000000000e+000 1.000000000e+000 1.238329239e-006 
d 0.000000000e+000 0.000000000e+000 -1.344765654e-006 2.500000000e+000 2.500000000e+000 0.000000000e+000 2.000000000e+000 2.000000000e+000 0.000000000e+000 1.000000000e+000 1.000000000e+000 1.344765654e-006 
d 0.000000000e+000 0.000000000e+000 -1.439240346e-006 3.000000000e+000 3.000000000e+000 0.000000000e+000 2.000000000e+000 2.000000000e+000 0.000000000e+000 1.000000000e+000 1.000000000e+000 1.439240346e-006 
d 0.000000000e+000 0.000000000e+000 -1.528169755e-006 3.500000000e+000 3.500000000e+000 0.000000000e+000 2.000000000e+000 2.000000000e+000 0.000000000e+000 1.000000000e+000 1.000000000e+000 1.528169755e-006 
d 0.000000000e+000 0.000000000e+000 -1.613869370e-006 4.000000000e+000 4.000000000e+000 0.000000000e+000 2.000000000e+000 2.000000000e+000 0.000000000e+000 1.000000000e+000 1.000000000e+000 1.613869370e-006 
d 0.000000000e+000 0.000000000e+000 -1.697377966e-006 4.500000000e+000 4.500000000e+000 0.000000000e+000 2.000000000e+000 2.000000000e+000 0.000000000e+000 1.000000000e+000 1.000000000e+000 1.697377966e-006 
d 0.000000000e+000 0.000000000e+000 -1.779341504e-006 5.000000000e+000 5.000000000e+000 0.000000000e+000 2.000000000e+000 2.000000000e+000 0.000000000e+000 1.000000000e+000 1.000000000e+000 1.779341504e-006 
d 0.000000000e+000 0.000000000e+000 -1.860084052e-006 5.500000000e+000 5.500000000e+000 0.000000000e+000 2.000000000e+000 2.000000000e+000 0.000000000e+000 1.000000000e+000 1.000000000e+000 1.860084052e-006 
d 0.000000000e+000 0.000000000e+000 -1.939827086e-006 6.000000000e+000 6.000000000e+000 0.000000000e+000 2.000000000e+000 2.000000000e+000 0.000000000e+000 1.000000000e+000 1.000000000e+000 1.939827086e-006 
d 0.000000000e+000 0.000000000e+000 -2.018719305e-006 6.500000000e+000 6.500000000e+000 0.000000000e+000 2.000000000e+000 2.000000000e+000 0.000000000e+000 1.000000000e+000 1.000000000e+000 2.018719305e-006 
d 0.000000000e+000 0.000000000e+000 -2.096867004e-006 7.000000000e+000 7.000000000e+000 0.000000000e+000 2.000000000e+000 2.000000000e+000 0.000000000e+000 1.000000000e+000 1.000000000e+000 2.096867004e-006 
d 0.000000000e+000 0.000000000e+000 -2.174342256e-006 7.500000000e+000 7.500000000e+000 0.000000000e+000 2.000000000e+000 2.000000000e+000 0.000000000e+000 1.000000000e+000 1.000000000e+000 2.174342257e-006 
d 0.000000000e+000 0.000000000e+000 -2.251191998e-006 8.000000000e+000 8.000000000e+000 0.000000000e+000 2.000000000e+000 2.000000000e+000 0.000000000e+000 1.000000000e+000 1.000000000e+000 2.251191998e-006 
d 0.000000000e+000 0.000000000e+000 -2.327427846e-006 8.500000000e+000 8.500000000e+000 0.000000000e+000 2.000000000e+000 2.000000000e+000 0.000000000e+000 1.000000000e+000 1.000000000e+000 2.327427846e-006 
d 0.000000000e+000 0.000000000e+000 -2.403101730e-006 9.000000000e+000 9.000000000e+000 0.000000000e+000 2.000000000e+000 2.000000000e+000 0.000000000e+000 1.000000000e+000 1.000000000e+000 2.403101730e-006 
d 0.000000000e+000 0.000000000e+000 -2.478237152e-006 9.500000000e+000 9.500000000e+000 0.000000000e+000 2.000000000e+000 2.000000000e+000 0.000000000e+000 1.000000000e+000 1.000000000e+000 2.478237152e-006 
d 0.000000000e+000 0.000000000e+000 -2.552847227e-006 1.000000000e+001 1.000000000e+001 0.000000000e+000 2.000000000e+000 2.000000000e+000 0.000000000e+000 1.000000000e+000 1.000000000e+000 2.552847227e-006 
