v ATLAS
# This file was created by ATLAS version 5.26.1.R on Thu Nov 28 15:40:46 2019.
#SSF 2.0 generic
##############################################################################
#                    Copyright (c) 1984 - 2018                               #
#                    Silvaco Inc. All rights reserved                        #
#                                                                            #
# This file format and the following Key are copyright Silvaco Inc.          #
# You may not use, this format or key without reproducing this message in    #
# full and obtaining express written permission from Silvaco Inc.            #
#                                                                            #
# To obtain such permission please contact: Silvaco Inc.                     #
#                                           support@silvaco.com              #
#                                                                            #
# KEY=SVC86hn7562asdx                       PROD=345                         #
##############################################################################
y 1 15
z 300
f 4 "source" "gate1" "gate2" "drain" 
p 12 2 601 20 3 602 21 4 603 22 5 604 23 
d 0.000000000e+000 0.000000000e+000 -4.132432243e-009 -2.500000000e+000 -2.500000000e+000 0.000000000e+000 2.500000000e+000 2.500000000e+000 0.000000000e+000 1.000000000e+000 1.000000000e+000 4.132432317e-009 
d 0.000000000e+000 0.000000000e+000 -2.247794838e-009 -5.000000000e+000 -5.000000000e+000 0.000000000e+000 5.000000000e+000 5.000000000e+000 0.000000000e+000 1.000000000e+000 1.000000000e+000 2.247794812e-009 
d 0.000000000e+000 0.000000000e+000 -3.117527611e-009 -4.500000000e+000 -4.500000000e+000 0.000000000e+000 5.000000000e+000 5.000000000e+000 0.000000000e+000 1.000000000e+000 1.000000000e+000 3.117527585e-009 
d 0.000000000e+000 0.000000000e+000 -4.334608569e-009 -4.000000000e+000 -4.000000000e+000 0.000000000e+000 5.000000000e+000 5.000000000e+000 0.000000000e+000 1.000000000e+000 1.000000000e+000 4.334608623e-009 
d 0.000000000e+000 0.000000000e+000 -6.058573800e-009 -3.500000000e+000 -3.500000000e+000 0.000000000e+000 5.000000000e+000 5.000000000e+000 0.000000000e+000 1.000000000e+000 1.000000000e+000 6.058573862e-009 
d 0.000000000e+000 0.000000000e+000 -8.573609617e-009 -3.000000000e+000 -3.000000000e+000 0.000000000e+000 5.000000000e+000 5.000000000e+000 0.000000000e+000 1.000000000e+000 1.000000000e+000 8.573609618e-009 
d 0.000000000e+000 0.000000000e+000 -1.247923995e-008 -2.500000000e+000 -2.500000000e+000 0.000000000e+000 5.000000000e+000 5.000000000e+000 0.000000000e+000 1.000000000e+000 1.000000000e+000 1.247923995e-008 
d 0.000000000e+000 0.000000000e+000 -1.900245517e-008 -2.000000000e+000 -2.000000000e+000 0.000000000e+000 5.000000000e+000 5.000000000e+000 0.000000000e+000 1.000000000e+000 1.000000000e+000 1.900245512e-008 
d 0.000000000e+000 0.000000000e+000 -3.290097980e-008 -1.500000000e+000 -1.500000000e+000 0.000000000e+000 5.000000000e+000 5.000000000e+000 0.000000000e+000 1.000000000e+000 1.000000000e+000 3.290097979e-008 
d 0.000000000e+000 0.000000000e+000 -9.345257914e-008 -1.000000000e+000 -1.000000000e+000 0.000000000e+000 5.000000000e+000 5.000000000e+000 0.000000000e+000 1.000000000e+000 1.000000000e+000 9.345257916e-008 
d 0.000000000e+000 0.000000000e+000 -3.147699549e-007 -5.000000000e-001 -5.000000000e-001 0.000000000e+000 5.000000000e+000 5.000000000e+000 0.000000000e+000 1.000000000e+000 1.000000000e+000 3.147699549e-007 
d 0.000000000e+000 0.000000000e+000 -8.391141131e-007 5.510695461e-016 5.510695461e-016 0.000000000e+000 5.000000000e+000 5.000000000e+000 0.000000000e+000 1.000000000e+000 1.000000000e+000 8.391141131e-007 
d 0.000000000e+000 0.000000000e+000 -1.272182371e-006 5.000000000e-001 5.000000000e-001 0.000000000e+000 5.000000000e+000 5.000000000e+000 0.000000000e+000 1.000000000e+000 1.000000000e+000 1.272182371e-006 
d 0.000000000e+000 0.000000000e+000 -1.481847881e-006 1.000000000e+000 1.000000000e+000 0.000000000e+000 5.000000000e+000 5.000000000e+000 0.000000000e+000 1.000000000e+000 1.000000000e+000 1.481847881e-006 
d 0.000000000e+000 0.000000000e+000 -1.638733919e-006 1.500000000e+000 1.500000000e+000 0.000000000e+000 5.000000000e+000 5.000000000e+000 0.000000000e+000 1.000000000e+000 1.000000000e+000 1.638733919e-006 
d 0.000000000e+000 0.000000000e+000 -1.773256297e-006 2.000000000e+000 2.000000000e+000 0.000000000e+000 5.000000000e+000 5.000000000e+000 0.000000000e+000 1.000000000e+000 1.000000000e+000 1.773256297e-006 
d 0.000000000e+000 0.000000000e+000 -1.897653071e-006 2.500000000e+000 2.500000000e+000 0.000000000e+000 5.000000000e+000 5.000000000e+000 0.000000000e+000 1.000000000e+000 1.000000000e+000 1.897653071e-006 
d 0.000000000e+000 0.000000000e+000 -2.016837068e-006 3.000000000e+000 3.000000000e+000 0.000000000e+000 5.000000000e+000 5.000000000e+000 0.000000000e+000 1.000000000e+000 1.000000000e+000 2.016837068e-006 
d 0.000000000e+000 0.000000000e+000 -2.132902813e-006 3.500000000e+000 3.500000000e+000 0.000000000e+000 5.000000000e+000 5.000000000e+000 0.000000000e+000 1.000000000e+000 1.000000000e+000 2.132902812e-006 
d 0.000000000e+000 0.000000000e+000 -2.246903042e-006 4.000000000e+000 4.000000000e+000 0.000000000e+000 5.000000000e+000 5.000000000e+000 0.000000000e+000 1.000000000e+000 1.000000000e+000 2.246903042e-006 
d 0.000000000e+000 0.000000000e+000 -2.359435319e-006 4.500000000e+000 4.500000000e+000 0.000000000e+000 5.000000000e+000 5.000000000e+000 0.000000000e+000 1.000000000e+000 1.000000000e+000 2.359435319e-006 
d 0.000000000e+000 0.000000000e+000 -2.470839289e-006 5.000000000e+000 5.000000000e+000 0.000000000e+000 5.000000000e+000 5.000000000e+000 0.000000000e+000 1.000000000e+000 1.000000000e+000 2.470839289e-006 
d 0.000000000e+000 0.000000000e+000 -2.581345254e-006 5.500000000e+000 5.500000000e+000 0.000000000e+000 5.000000000e+000 5.000000000e+000 0.000000000e+000 1.000000000e+000 1.000000000e+000 2.581345255e-006 
d 0.000000000e+000 0.000000000e+000 -2.691088433e-006 6.000000000e+000 6.000000000e+000 0.000000000e+000 5.000000000e+000 5.000000000e+000 0.000000000e+000 1.000000000e+000 1.000000000e+000 2.691088433e-006 
d 0.000000000e+000 0.000000000e+000 -2.800151026e-006 6.500000000e+000 6.500000000e+000 0.000000000e+000 5.000000000e+000 5.000000000e+000 0.000000000e+000 1.000000000e+000 1.000000000e+000 2.800151026e-006 
d 0.000000000e+000 0.000000000e+000 -2.908617703e-006 7.000000000e+000 7.000000000e+000 0.000000000e+000 5.000000000e+000 5.000000000e+000 0.000000000e+000 1.000000000e+000 1.000000000e+000 2.908617703e-006 
d 0.000000000e+000 0.000000000e+000 -3.016540773e-006 7.500000000e+000 7.500000000e+000 0.000000000e+000 5.000000000e+000 5.000000000e+000 0.000000000e+000 1.000000000e+000 1.000000000e+000 3.016540773e-006 
d 0.000000000e+000 0.000000000e+000 -3.123968543e-006 8.000000000e+000 8.000000000e+000 0.000000000e+000 5.000000000e+000 5.000000000e+000 0.000000000e+000 1.000000000e+000 1.000000000e+000 3.123968543e-006 
d 0.000000000e+000 0.000000000e+000 -3.230934962e-006 8.500000000e+000 8.500000000e+000 0.000000000e+000 5.000000000e+000 5.000000000e+000 0.000000000e+000 1.000000000e+000 1.000000000e+000 3.230934962e-006 
d 0.000000000e+000 0.000000000e+000 -3.337460728e-006 9.000000000e+000 9.000000000e+000 0.000000000e+000 5.000000000e+000 5.000000000e+000 0.000000000e+000 1.000000000e+000 1.000000000e+000 3.337460728e-006 
d 0.000000000e+000 0.000000000e+000 -3.443557501e-006 9.500000000e+000 9.500000000e+000 0.000000000e+000 5.000000000e+000 5.000000000e+000 0.000000000e+000 1.000000000e+000 1.000000000e+000 3.443557501e-006 
d 0.000000000e+000 0.000000000e+000 -3.549225422e-006 1.000000000e+001 1.000000000e+001 0.000000000e+000 5.000000000e+000 5.000000000e+000 0.000000000e+000 1.000000000e+000 1.000000000e+000 3.549225422e-006 
