v ATLAS
# This file was created by ATLAS version 5.26.1.R on Thu Nov 28 15:38:22 2019.
#SSF 2.0 generic
##############################################################################
#                    Copyright (c) 1984 - 2018                               #
#                    Silvaco Inc. All rights reserved                        #
#                                                                            #
# This file format and the following Key are copyright Silvaco Inc.          #
# You may not use, this format or key without reproducing this message in    #
# full and obtaining express written permission from Silvaco Inc.            #
#                                                                            #
# To obtain such permission please contact: Silvaco Inc.                     #
#                                           support@silvaco.com              #
#                                                                            #
# KEY=SVC86hn7562asdx                       PROD=345                         #
##############################################################################
y 1 15
z 300
f 4 "source" "gate1" "gate2" "drain" 
p 12 2 601 20 3 602 21 4 603 22 5 604 23 
d 0.000000000e+000 0.000000000e+000 -1.509620229e-009 -5.000000000e+000 -5.000000000e+000 0.000000000e+000 4.000000000e+000 4.000000000e+000 0.000000000e+000 1.000000000e+000 1.000000000e+000 1.509620272e-009 
d 0.000000000e+000 0.000000000e+000 -2.162453092e-009 -4.500000000e+000 -4.500000000e+000 0.000000000e+000 4.000000000e+000 4.000000000e+000 0.000000000e+000 1.000000000e+000 1.000000000e+000 2.162453075e-009 
d 0.000000000e+000 0.000000000e+000 -3.093632061e-009 -4.000000000e+000 -4.000000000e+000 0.000000000e+000 4.000000000e+000 4.000000000e+000 0.000000000e+000 1.000000000e+000 1.000000000e+000 3.093632085e-009 
d 0.000000000e+000 0.000000000e+000 -4.426421698e-009 -3.500000000e+000 -3.500000000e+000 0.000000000e+000 4.000000000e+000 4.000000000e+000 0.000000000e+000 1.000000000e+000 1.000000000e+000 4.426421644e-009 
d 0.000000000e+000 0.000000000e+000 -6.386780915e-009 -3.000000000e+000 -3.000000000e+000 0.000000000e+000 4.000000000e+000 4.000000000e+000 0.000000000e+000 1.000000000e+000 1.000000000e+000 6.386780869e-009 
d 0.000000000e+000 0.000000000e+000 -9.461395299e-009 -2.500000000e+000 -2.500000000e+000 0.000000000e+000 4.000000000e+000 4.000000000e+000 0.000000000e+000 1.000000000e+000 1.000000000e+000 9.461395257e-009 
d 0.000000000e+000 0.000000000e+000 -1.469806384e-008 -2.000000000e+000 -2.000000000e+000 0.000000000e+000 4.000000000e+000 4.000000000e+000 0.000000000e+000 1.000000000e+000 1.000000000e+000 1.469806386e-008 
d 0.000000000e+000 0.000000000e+000 -2.608809909e-008 -1.500000000e+000 -1.500000000e+000 0.000000000e+000 4.000000000e+000 4.000000000e+000 0.000000000e+000 1.000000000e+000 1.000000000e+000 2.608809911e-008 
d 0.000000000e+000 0.000000000e+000 -7.619099827e-008 -1.000000000e+000 -1.000000000e+000 0.000000000e+000 4.000000000e+000 4.000000000e+000 0.000000000e+000 1.000000000e+000 1.000000000e+000 7.619099825e-008 
d 0.000000000e+000 0.000000000e+000 -2.724423219e-007 -5.000000000e-001 -5.000000000e-001 0.000000000e+000 4.000000000e+000 4.000000000e+000 0.000000000e+000 1.000000000e+000 1.000000000e+000 2.724423219e-007 
d 0.000000000e+000 0.000000000e+000 -7.586300286e-007 5.510695461e-016 5.510695461e-016 0.000000000e+000 4.000000000e+000 4.000000000e+000 0.000000000e+000 1.000000000e+000 1.000000000e+000 7.586300287e-007 
d 0.000000000e+000 0.000000000e+000 -1.182161041e-006 5.000000000e-001 5.000000000e-001 0.000000000e+000 4.000000000e+000 4.000000000e+000 0.000000000e+000 1.000000000e+000 1.000000000e+000 1.182161041e-006 
d 0.000000000e+000 0.000000000e+000 -1.394343051e-006 1.000000000e+000 1.000000000e+000 0.000000000e+000 4.000000000e+000 4.000000000e+000 0.000000000e+000 1.000000000e+000 1.000000000e+000 1.394343051e-006 
d 0.000000000e+000 0.000000000e+000 -1.556024624e-006 1.500000000e+000 1.500000000e+000 0.000000000e+000 4.000000000e+000 4.000000000e+000 0.000000000e+000 1.000000000e+000 1.000000000e+000 1.556024624e-006 
d 0.000000000e+000 0.000000000e+000 -1.691512082e-006 2.000000000e+000 2.000000000e+000 0.000000000e+000 4.000000000e+000 4.000000000e+000 0.000000000e+000 1.000000000e+000 1.000000000e+000 1.691512082e-006 
d 0.000000000e+000 0.000000000e+000 -1.813450635e-006 2.500000000e+000 2.500000000e+000 0.000000000e+000 4.000000000e+000 4.000000000e+000 0.000000000e+000 1.000000000e+000 1.000000000e+000 1.813450635e-006 
d 0.000000000e+000 0.000000000e+000 -1.928893712e-006 3.000000000e+000 3.000000000e+000 0.000000000e+000 4.000000000e+000 4.000000000e+000 0.000000000e+000 1.000000000e+000 1.000000000e+000 1.928893712e-006 
d 0.000000000e+000 0.000000000e+000 -2.040653440e-006 3.500000000e+000 3.500000000e+000 0.000000000e+000 4.000000000e+000 4.000000000e+000 0.000000000e+000 1.000000000e+000 1.000000000e+000 2.040653440e-006 
d 0.000000000e+000 0.000000000e+000 -2.150030081e-006 4.000000000e+000 4.000000000e+000 0.000000000e+000 4.000000000e+000 4.000000000e+000 0.000000000e+000 1.000000000e+000 1.000000000e+000 2.150030081e-006 
d 0.000000000e+000 0.000000000e+000 -2.257722667e-006 4.500000000e+000 4.500000000e+000 0.000000000e+000 4.000000000e+000 4.000000000e+000 0.000000000e+000 1.000000000e+000 1.000000000e+000 2.257722667e-006 
d 0.000000000e+000 0.000000000e+000 -2.364126350e-006 5.000000000e+000 5.000000000e+000 0.000000000e+000 4.000000000e+000 4.000000000e+000 0.000000000e+000 1.000000000e+000 1.000000000e+000 2.364126350e-006 
d 0.000000000e+000 0.000000000e+000 -2.469499724e-006 5.500000000e+000 5.500000000e+000 0.000000000e+000 4.000000000e+000 4.000000000e+000 0.000000000e+000 1.000000000e+000 1.000000000e+000 2.469499724e-006 
d 0.000000000e+000 0.000000000e+000 -2.573997402e-006 6.000000000e+000 6.000000000e+000 0.000000000e+000 4.000000000e+000 4.000000000e+000 0.000000000e+000 1.000000000e+000 1.000000000e+000 2.573997402e-006 
d 0.000000000e+000 0.000000000e+000 -2.677706811e-006 6.500000000e+000 6.500000000e+000 0.000000000e+000 4.000000000e+000 4.000000000e+000 0.000000000e+000 1.000000000e+000 1.000000000e+000 2.677706811e-006 
d 0.000000000e+000 0.000000000e+000 -2.780734133e-006 7.000000000e+000 7.000000000e+000 0.000000000e+000 4.000000000e+000 4.000000000e+000 0.000000000e+000 1.000000000e+000 1.000000000e+000 2.780734133e-006 
d 0.000000000e+000 0.000000000e+000 -2.883136684e-006 7.500000000e+000 7.500000000e+000 0.000000000e+000 4.000000000e+000 4.000000000e+000 0.000000000e+000 1.000000000e+000 1.000000000e+000 2.883136684e-006 
d 0.000000000e+000 0.000000000e+000 -2.984969140e-006 8.000000000e+000 8.000000000e+000 0.000000000e+000 4.000000000e+000 4.000000000e+000 0.000000000e+000 1.000000000e+000 1.000000000e+000 2.984969140e-006 
d 0.000000000e+000 0.000000000e+000 -3.086265073e-006 8.500000000e+000 8.500000000e+000 0.000000000e+000 4.000000000e+000 4.000000000e+000 0.000000000e+000 1.000000000e+000 1.000000000e+000 3.086265073e-006 
d 0.000000000e+000 0.000000000e+000 -3.187048355e-006 9.000000000e+000 9.000000000e+000 0.000000000e+000 4.000000000e+000 4.000000000e+000 0.000000000e+000 1.000000000e+000 1.000000000e+000 3.187048355e-006 
d 0.000000000e+000 0.000000000e+000 -3.287335832e-006 9.500000000e+000 9.500000000e+000 0.000000000e+000 4.000000000e+000 4.000000000e+000 0.000000000e+000 1.000000000e+000 1.000000000e+000 3.287335832e-006 
d 0.000000000e+000 0.000000000e+000 -3.387103587e-006 1.000000000e+001 1.000000000e+001 0.000000000e+000 4.000000000e+000 4.000000000e+000 0.000000000e+000 1.000000000e+000 1.000000000e+000 3.387103587e-006 
