v ATLAS
# This file was created by ATLAS version 5.26.1.R on Thu Nov 28 15:32:03 2019.
#SSF 2.0 generic
##############################################################################
#                    Copyright (c) 1984 - 2018                               #
#                    Silvaco Inc. All rights reserved                        #
#                                                                            #
# This file format and the following Key are copyright Silvaco Inc.          #
# You may not use, this format or key without reproducing this message in    #
# full and obtaining express written permission from Silvaco Inc.            #
#                                                                            #
# To obtain such permission please contact: Silvaco Inc.                     #
#                                           support@silvaco.com              #
#                                                                            #
# KEY=SVC86hn7562asdx                       PROD=345                         #
##############################################################################
y 1 15
z 300
f 4 "source" "gate1" "gate2" "drain" 
p 12 2 601 20 3 602 21 4 603 22 5 604 23 
d 0.000000000e+000 0.000000000e+000 -1.535331163e-011 -5.000000000e+000 -5.000000000e+000 0.000000000e+000 1.000000000e+000 1.000000000e+000 0.000000000e+000 1.000000000e+000 1.000000000e+000 1.535332345e-011 
d 0.000000000e+000 0.000000000e+000 -2.021794418e-011 -4.500000000e+000 -4.500000000e+000 0.000000000e+000 1.000000000e+000 1.000000000e+000 0.000000000e+000 1.000000000e+000 1.000000000e+000 2.021792174e-011 
d 0.000000000e+000 0.000000000e+000 -2.741429006e-011 -4.000000000e+000 -4.000000000e+000 0.000000000e+000 1.000000000e+000 1.000000000e+000 0.000000000e+000 1.000000000e+000 1.000000000e+000 2.741429067e-011 
d 0.000000000e+000 0.000000000e+000 -3.883233409e-011 -3.500000000e+000 -3.500000000e+000 0.000000000e+000 1.000000000e+000 1.000000000e+000 0.000000000e+000 1.000000000e+000 1.000000000e+000 3.883237606e-011 
d 0.000000000e+000 0.000000000e+000 -6.086959293e-011 -3.000000000e+000 -3.000000000e+000 0.000000000e+000 1.000000000e+000 1.000000000e+000 0.000000000e+000 1.000000000e+000 1.000000000e+000 6.086962141e-011 
d 0.000000000e+000 0.000000000e+000 -1.119924650e-010 -2.500000000e+000 -2.500000000e+000 0.000000000e+000 1.000000000e+000 1.000000000e+000 0.000000000e+000 1.000000000e+000 1.000000000e+000 1.119924327e-010 
d 0.000000000e+000 0.000000000e+000 -2.211614276e-010 -2.000000000e+000 -2.000000000e+000 0.000000000e+000 1.000000000e+000 1.000000000e+000 0.000000000e+000 1.000000000e+000 1.000000000e+000 2.211614805e-010 
d 0.000000000e+000 0.000000000e+000 -4.929067962e-010 -1.500000000e+000 -1.500000000e+000 0.000000000e+000 1.000000000e+000 1.000000000e+000 0.000000000e+000 1.000000000e+000 1.000000000e+000 4.929067586e-010 
d 0.000000000e+000 0.000000000e+000 -1.699954129e-009 -1.000000000e+000 -1.000000000e+000 0.000000000e+000 1.000000000e+000 1.000000000e+000 0.000000000e+000 1.000000000e+000 1.000000000e+000 1.699954076e-009 
d 0.000000000e+000 0.000000000e+000 -1.271102151e-008 -5.000000000e-001 -5.000000000e-001 0.000000000e+000 1.000000000e+000 1.000000000e+000 0.000000000e+000 1.000000000e+000 1.000000000e+000 1.271102156e-008 
d 0.000000000e+000 0.000000000e+000 -8.465786746e-008 5.510695461e-016 5.510695461e-016 0.000000000e+000 1.000000000e+000 1.000000000e+000 0.000000000e+000 1.000000000e+000 1.000000000e+000 8.465786743e-008 
d 0.000000000e+000 0.000000000e+000 -2.243557510e-007 5.000000000e-001 5.000000000e-001 0.000000000e+000 1.000000000e+000 1.000000000e+000 0.000000000e+000 1.000000000e+000 1.000000000e+000 2.243557510e-007 
d 0.000000000e+000 0.000000000e+000 -3.307607197e-007 1.000000000e+000 1.000000000e+000 0.000000000e+000 1.000000000e+000 1.000000000e+000 0.000000000e+000 1.000000000e+000 1.000000000e+000 3.307607197e-007 
d 0.000000000e+000 0.000000000e+000 -4.223675603e-007 1.500000000e+000 1.500000000e+000 0.000000000e+000 1.000000000e+000 1.000000000e+000 0.000000000e+000 1.000000000e+000 1.000000000e+000 4.223675604e-007 
d 0.000000000e+000 0.000000000e+000 -4.937466760e-007 2.000000000e+000 2.000000000e+000 0.000000000e+000 1.000000000e+000 1.000000000e+000 0.000000000e+000 1.000000000e+000 1.000000000e+000 4.937466760e-007 
d 0.000000000e+000 0.000000000e+000 -5.550033256e-007 2.500000000e+000 2.500000000e+000 0.000000000e+000 1.000000000e+000 1.000000000e+000 0.000000000e+000 1.000000000e+000 1.000000000e+000 5.550033256e-007 
d 0.000000000e+000 0.000000000e+000 -6.119756039e-007 3.000000000e+000 3.000000000e+000 0.000000000e+000 1.000000000e+000 1.000000000e+000 0.000000000e+000 1.000000000e+000 1.000000000e+000 6.119756039e-007 
d 0.000000000e+000 0.000000000e+000 -6.667074594e-007 3.500000000e+000 3.500000000e+000 0.000000000e+000 1.000000000e+000 1.000000000e+000 0.000000000e+000 1.000000000e+000 1.000000000e+000 6.667074594e-007 
d 0.000000000e+000 0.000000000e+000 -7.200781738e-007 4.000000000e+000 4.000000000e+000 0.000000000e+000 1.000000000e+000 1.000000000e+000 0.000000000e+000 1.000000000e+000 1.000000000e+000 7.200781737e-007 
d 0.000000000e+000 0.000000000e+000 -7.725312896e-007 4.500000000e+000 4.500000000e+000 0.000000000e+000 1.000000000e+000 1.000000000e+000 0.000000000e+000 1.000000000e+000 1.000000000e+000 7.725312896e-007 
d 0.000000000e+000 0.000000000e+000 -8.243051226e-007 5.000000000e+000 5.000000000e+000 0.000000000e+000 1.000000000e+000 1.000000000e+000 0.000000000e+000 1.000000000e+000 1.000000000e+000 8.243051226e-007 
d 0.000000000e+000 0.000000000e+000 -8.755384901e-007 5.500000000e+000 5.500000000e+000 0.000000000e+000 1.000000000e+000 1.000000000e+000 0.000000000e+000 1.000000000e+000 1.000000000e+000 8.755384902e-007 
d 0.000000000e+000 0.000000000e+000 -9.263238077e-007 6.000000000e+000 6.000000000e+000 0.000000000e+000 1.000000000e+000 1.000000000e+000 0.000000000e+000 1.000000000e+000 1.000000000e+000 9.263238076e-007 
d 0.000000000e+000 0.000000000e+000 -9.767105491e-007 6.500000000e+000 6.500000000e+000 0.000000000e+000 1.000000000e+000 1.000000000e+000 0.000000000e+000 1.000000000e+000 1.000000000e+000 9.767105491e-007 
d 0.000000000e+000 0.000000000e+000 -1.026724706e-006 7.000000000e+000 7.000000000e+000 0.000000000e+000 1.000000000e+000 1.000000000e+000 0.000000000e+000 1.000000000e+000 1.000000000e+000 1.026724706e-006 
d 0.000000000e+000 0.000000000e+000 -1.076375721e-006 7.500000000e+000 7.500000000e+000 0.000000000e+000 1.000000000e+000 1.000000000e+000 0.000000000e+000 1.000000000e+000 1.000000000e+000 1.076375721e-006 
d 0.000000000e+000 0.000000000e+000 -1.125659038e-006 8.000000000e+000 8.000000000e+000 0.000000000e+000 1.000000000e+000 1.000000000e+000 0.000000000e+000 1.000000000e+000 1.000000000e+000 1.125659038e-006 
d 0.000000000e+000 0.000000000e+000 -1.174568168e-006 8.500000000e+000 8.500000000e+000 0.000000000e+000 1.000000000e+000 1.000000000e+000 0.000000000e+000 1.000000000e+000 1.000000000e+000 1.174568168e-006 
d 0.000000000e+000 0.000000000e+000 -1.223058411e-006 9.000000000e+000 9.000000000e+000 0.000000000e+000 1.000000000e+000 1.000000000e+000 0.000000000e+000 1.000000000e+000 1.000000000e+000 1.223058411e-006 
d 0.000000000e+000 0.000000000e+000 -1.271122358e-006 9.500000000e+000 9.500000000e+000 0.000000000e+000 1.000000000e+000 1.000000000e+000 0.000000000e+000 1.000000000e+000 1.000000000e+000 1.271122358e-006 
d 0.000000000e+000 0.000000000e+000 -1.318748379e-006 1.000000000e+001 1.000000000e+001 0.000000000e+000 1.000000000e+000 1.000000000e+000 0.000000000e+000 1.000000000e+000 1.000000000e+000 1.318748379e-006 
