v ATLAS
# This file was created by ATLAS version 5.26.1.R on Thu Nov 28 15:30:00 2019.
#SSF 2.0 generic
##############################################################################
#                    Copyright (c) 1984 - 2018                               #
#                    Silvaco Inc. All rights reserved                        #
#                                                                            #
# This file format and the following Key are copyright Silvaco Inc.          #
# You may not use, this format or key without reproducing this message in    #
# full and obtaining express written permission from Silvaco Inc.            #
#                                                                            #
# To obtain such permission please contact: Silvaco Inc.                     #
#                                           support@silvaco.com              #
#                                                                            #
# KEY=SVC86hn7562asdx                       PROD=345                         #
##############################################################################
y 1 15
z 300
f 4 "source" "gate1" "gate2" "drain" 
p 12 2 601 20 3 602 21 4 603 22 5 604 23 
d 0.000000000e+000 0.000000000e+000 -9.834064599e-013 -5.000000000e+000 -5.000000000e+000 0.000000000e+000 0.000000000e+000 0.000000000e+000 0.000000000e+000 1.000000000e+000 1.000000000e+000 9.834232824e-013 
d 0.000000000e+000 0.000000000e+000 -1.161768832e-012 -4.500000000e+000 -4.500000000e+000 0.000000000e+000 0.000000000e+000 0.000000000e+000 0.000000000e+000 1.000000000e+000 1.000000000e+000 1.161758234e-012 
d 0.000000000e+000 0.000000000e+000 -1.399229247e-012 -4.000000000e+000 -4.000000000e+000 0.000000000e+000 0.000000000e+000 0.000000000e+000 0.000000000e+000 1.000000000e+000 1.000000000e+000 1.399192773e-012 
d 0.000000000e+000 0.000000000e+000 -1.729533108e-012 -3.500000000e+000 -3.500000000e+000 0.000000000e+000 0.000000000e+000 0.000000000e+000 0.000000000e+000 1.000000000e+000 1.000000000e+000 1.729547643e-012 
d 0.000000000e+000 0.000000000e+000 -2.220134436e-012 -3.000000000e+000 -3.000000000e+000 0.000000000e+000 0.000000000e+000 0.000000000e+000 0.000000000e+000 1.000000000e+000 1.000000000e+000 2.220133141e-012 
d 0.000000000e+000 0.000000000e+000 -3.026199484e-012 -2.500000000e+000 -2.500000000e+000 0.000000000e+000 0.000000000e+000 0.000000000e+000 0.000000000e+000 1.000000000e+000 1.000000000e+000 3.026260780e-012 
d 0.000000000e+000 0.000000000e+000 -4.547357061e-012 -2.000000000e+000 -2.000000000e+000 0.000000000e+000 0.000000000e+000 0.000000000e+000 0.000000000e+000 1.000000000e+000 1.000000000e+000 4.547374910e-012 
d 0.000000000e+000 0.000000000e+000 -8.647606106e-012 -1.500000000e+000 -1.500000000e+000 0.000000000e+000 0.000000000e+000 0.000000000e+000 0.000000000e+000 1.000000000e+000 1.000000000e+000 8.647662595e-012 
d 0.000000000e+000 0.000000000e+000 -2.612527983e-011 -1.000000000e+000 -1.000000000e+000 0.000000000e+000 0.000000000e+000 0.000000000e+000 0.000000000e+000 1.000000000e+000 1.000000000e+000 2.612533233e-011 
d 0.000000000e+000 0.000000000e+000 -1.772965804e-010 -5.000000000e-001 -5.000000000e-001 0.000000000e+000 0.000000000e+000 0.000000000e+000 0.000000000e+000 1.000000000e+000 1.000000000e+000 1.772965932e-010 
d 0.000000000e+000 0.000000000e+000 -1.458860721e-009 5.510695461e-016 5.510695461e-016 0.000000000e+000 0.000000000e+000 0.000000000e+000 0.000000000e+000 1.000000000e+000 1.000000000e+000 1.458860739e-009 
d 0.000000000e+000 0.000000000e+000 -7.520114655e-009 5.000000000e-001 5.000000000e-001 0.000000000e+000 0.000000000e+000 0.000000000e+000 0.000000000e+000 1.000000000e+000 1.000000000e+000 7.520114652e-009 
d 0.000000000e+000 0.000000000e+000 -1.865756214e-008 1.000000000e+000 1.000000000e+000 0.000000000e+000 0.000000000e+000 0.000000000e+000 0.000000000e+000 1.000000000e+000 1.000000000e+000 1.865756212e-008 
d 0.000000000e+000 0.000000000e+000 -3.161947881e-008 1.500000000e+000 1.500000000e+000 0.000000000e+000 0.000000000e+000 0.000000000e+000 0.000000000e+000 1.000000000e+000 1.000000000e+000 3.161947881e-008 
d 0.000000000e+000 0.000000000e+000 -4.292834130e-008 2.000000000e+000 2.000000000e+000 0.000000000e+000 0.000000000e+000 0.000000000e+000 0.000000000e+000 1.000000000e+000 1.000000000e+000 4.292834129e-008 
d 0.000000000e+000 0.000000000e+000 -5.361761310e-008 2.500000000e+000 2.500000000e+000 0.000000000e+000 0.000000000e+000 0.000000000e+000 0.000000000e+000 1.000000000e+000 1.000000000e+000 5.361761310e-008 
d 0.000000000e+000 0.000000000e+000 -6.413258310e-008 3.000000000e+000 3.000000000e+000 0.000000000e+000 0.000000000e+000 0.000000000e+000 0.000000000e+000 1.000000000e+000 1.000000000e+000 6.413258309e-008 
d 0.000000000e+000 0.000000000e+000 -7.459320879e-008 3.500000000e+000 3.500000000e+000 0.000000000e+000 0.000000000e+000 0.000000000e+000 0.000000000e+000 1.000000000e+000 1.000000000e+000 7.459320875e-008 
d 0.000000000e+000 0.000000000e+000 -8.502220356e-008 4.000000000e+000 4.000000000e+000 0.000000000e+000 0.000000000e+000 0.000000000e+000 0.000000000e+000 1.000000000e+000 1.000000000e+000 8.502220358e-008 
d 0.000000000e+000 0.000000000e+000 -9.540429415e-008 4.500000000e+000 4.500000000e+000 0.000000000e+000 0.000000000e+000 0.000000000e+000 0.000000000e+000 1.000000000e+000 1.000000000e+000 9.540429415e-008 
d 0.000000000e+000 0.000000000e+000 -1.057080939e-007 5.000000000e+000 5.000000000e+000 0.000000000e+000 0.000000000e+000 0.000000000e+000 0.000000000e+000 1.000000000e+000 1.000000000e+000 1.057080939e-007 
d 0.000000000e+000 0.000000000e+000 -1.158955978e-007 5.500000000e+000 5.500000000e+000 0.000000000e+000 0.000000000e+000 0.000000000e+000 0.000000000e+000 1.000000000e+000 1.000000000e+000 1.158955977e-007 
d 0.000000000e+000 0.000000000e+000 -1.259263053e-007 6.000000000e+000 6.000000000e+000 0.000000000e+000 0.000000000e+000 0.000000000e+000 0.000000000e+000 1.000000000e+000 1.000000000e+000 1.259263054e-007 
d 0.000000000e+000 0.000000000e+000 -1.357683938e-007 6.500000000e+000 6.500000000e+000 0.000000000e+000 0.000000000e+000 0.000000000e+000 0.000000000e+000 1.000000000e+000 1.000000000e+000 1.357683938e-007 
d 0.000000000e+000 0.000000000e+000 -1.453941301e-007 7.000000000e+000 7.000000000e+000 0.000000000e+000 0.000000000e+000 0.000000000e+000 0.000000000e+000 1.000000000e+000 1.000000000e+000 1.453941301e-007 
d 0.000000000e+000 0.000000000e+000 -1.547808442e-007 7.500000000e+000 7.500000000e+000 0.000000000e+000 0.000000000e+000 0.000000000e+000 0.000000000e+000 1.000000000e+000 1.000000000e+000 1.547808443e-007 
d 0.000000000e+000 0.000000000e+000 -1.639156688e-007 8.000000000e+000 8.000000000e+000 0.000000000e+000 0.000000000e+000 0.000000000e+000 0.000000000e+000 1.000000000e+000 1.000000000e+000 1.639156688e-007 
d 0.000000000e+000 0.000000000e+000 -1.727871146e-007 8.500000000e+000 8.500000000e+000 0.000000000e+000 0.000000000e+000 0.000000000e+000 0.000000000e+000 1.000000000e+000 1.000000000e+000 1.727871146e-007 
d 0.000000000e+000 0.000000000e+000 -1.813927307e-007 9.000000000e+000 9.000000000e+000 0.000000000e+000 0.000000000e+000 0.000000000e+000 0.000000000e+000 1.000000000e+000 1.000000000e+000 1.813927307e-007 
d 0.000000000e+000 0.000000000e+000 -1.897330743e-007 9.500000000e+000 9.500000000e+000 0.000000000e+000 0.000000000e+000 0.000000000e+000 0.000000000e+000 1.000000000e+000 1.000000000e+000 1.897330743e-007 
d 0.000000000e+000 0.000000000e+000 -1.978115592e-007 1.000000000e+001 1.000000000e+001 0.000000000e+000 0.000000000e+000 0.000000000e+000 0.000000000e+000 1.000000000e+000 1.000000000e+000 1.978115593e-007 
