v ATLAS
# This file was created by ATLAS version 5.26.1.R on Thu Nov 28 14:53:23 2019.
#SSF 2.0 generic
##############################################################################
#                    Copyright (c) 1984 - 2018                               #
#                    Silvaco Inc. All rights reserved                        #
#                                                                            #
# This file format and the following Key are copyright Silvaco Inc.          #
# You may not use, this format or key without reproducing this message in    #
# full and obtaining express written permission from Silvaco Inc.            #
#                                                                            #
# To obtain such permission please contact: Silvaco Inc.                     #
#                                           support@silvaco.com              #
#                                                                            #
# KEY=SVC86hn7562asdx                       PROD=345                         #
##############################################################################
y 1 15
z 300
f 4 "source" "gate1" "gate2" "drain" 
p 12 2 601 20 3 602 21 4 603 22 5 604 23 
d 0.000000000e+000 0.000000000e+000 -7.815991047e-008 2.000000000e+000 2.000000000e+000 0.000000000e+000 -2.500000000e+000 -2.500000000e+000 0.000000000e+000 5.000000000e+000 5.000000000e+000 7.815991049e-008 
d 0.000000000e+000 0.000000000e+000 -7.298959668e-008 4.000000000e+000 4.000000000e+000 0.000000000e+000 -5.000000000e+000 -5.000000000e+000 0.000000000e+000 5.000000000e+000 5.000000000e+000 7.298959692e-008 
d 0.000000000e+000 0.000000000e+000 -9.156165936e-008 4.000000000e+000 4.000000000e+000 0.000000000e+000 -4.500000000e+000 -4.500000000e+000 0.000000000e+000 5.000000000e+000 5.000000000e+000 9.156165943e-008 
d 0.000000000e+000 0.000000000e+000 -1.175689364e-007 4.000000000e+000 4.000000000e+000 0.000000000e+000 -4.000000000e+000 -4.000000000e+000 0.000000000e+000 5.000000000e+000 5.000000000e+000 1.175689364e-007 
d 0.000000000e+000 0.000000000e+000 -1.530016249e-007 4.000000000e+000 4.000000000e+000 0.000000000e+000 -3.500000000e+000 -3.500000000e+000 0.000000000e+000 5.000000000e+000 5.000000000e+000 1.530016247e-007 
d 0.000000000e+000 0.000000000e+000 -1.993994656e-007 4.000000000e+000 4.000000000e+000 0.000000000e+000 -3.000000000e+000 -3.000000000e+000 0.000000000e+000 5.000000000e+000 5.000000000e+000 1.993994657e-007 
d 0.000000000e+000 0.000000000e+000 -2.654918086e-007 4.000000000e+000 4.000000000e+000 0.000000000e+000 -2.500000000e+000 -2.500000000e+000 0.000000000e+000 5.000000000e+000 5.000000000e+000 2.654918088e-007 
d 0.000000000e+000 0.000000000e+000 -3.703477406e-007 4.000000000e+000 4.000000000e+000 0.000000000e+000 -2.000000000e+000 -2.000000000e+000 0.000000000e+000 5.000000000e+000 5.000000000e+000 3.703477404e-007 
d 0.000000000e+000 0.000000000e+000 -5.757751859e-007 4.000000000e+000 4.000000000e+000 0.000000000e+000 -1.500000000e+000 -1.500000000e+000 0.000000000e+000 5.000000000e+000 5.000000000e+000 5.757751860e-007 
d 0.000000000e+000 0.000000000e+000 -9.688790126e-007 4.000000000e+000 4.000000000e+000 0.000000000e+000 -1.000000000e+000 -1.000000000e+000 0.000000000e+000 5.000000000e+000 5.000000000e+000 9.688790126e-007 
d 0.000000000e+000 0.000000000e+000 -1.478621671e-006 4.000000000e+000 4.000000000e+000 0.000000000e+000 -5.000000000e-001 -5.000000000e-001 0.000000000e+000 5.000000000e+000 5.000000000e+000 1.478621671e-006 
d 0.000000000e+000 0.000000000e+000 -2.110573303e-006 4.000000000e+000 4.000000000e+000 0.000000000e+000 5.510695461e-016 5.510695461e-016 0.000000000e+000 5.000000000e+000 5.000000000e+000 2.110573303e-006 
d 0.000000000e+000 0.000000000e+000 -2.881510763e-006 4.000000000e+000 4.000000000e+000 0.000000000e+000 5.000000000e-001 5.000000000e-001 0.000000000e+000 5.000000000e+000 5.000000000e+000 2.881510763e-006 
d 0.000000000e+000 0.000000000e+000 -3.788755818e-006 4.000000000e+000 4.000000000e+000 0.000000000e+000 1.000000000e+000 1.000000000e+000 0.000000000e+000 5.000000000e+000 5.000000000e+000 3.788755818e-006 
d 0.000000000e+000 0.000000000e+000 -4.797952947e-006 4.000000000e+000 4.000000000e+000 0.000000000e+000 1.500000000e+000 1.500000000e+000 0.000000000e+000 5.000000000e+000 5.000000000e+000 4.797952947e-006 
d 0.000000000e+000 0.000000000e+000 -5.876170956e-006 4.000000000e+000 4.000000000e+000 0.000000000e+000 2.000000000e+000 2.000000000e+000 0.000000000e+000 5.000000000e+000 5.000000000e+000 5.876170956e-006 
d 0.000000000e+000 0.000000000e+000 -6.996003375e-006 4.000000000e+000 4.000000000e+000 0.000000000e+000 2.500000000e+000 2.500000000e+000 0.000000000e+000 5.000000000e+000 5.000000000e+000 6.996003375e-006 
d 0.000000000e+000 0.000000000e+000 -8.133724834e-006 4.000000000e+000 4.000000000e+000 0.000000000e+000 3.000000000e+000 3.000000000e+000 0.000000000e+000 5.000000000e+000 5.000000000e+000 8.133724834e-006 
d 0.000000000e+000 0.000000000e+000 -9.270662767e-006 4.000000000e+000 4.000000000e+000 0.000000000e+000 3.500000000e+000 3.500000000e+000 0.000000000e+000 5.000000000e+000 5.000000000e+000 9.270662767e-006 
d 0.000000000e+000 0.000000000e+000 -1.039219984e-005 4.000000000e+000 4.000000000e+000 0.000000000e+000 4.000000000e+000 4.000000000e+000 0.000000000e+000 5.000000000e+000 5.000000000e+000 1.039219984e-005 
d 0.000000000e+000 0.000000000e+000 -1.149419598e-005 4.000000000e+000 4.000000000e+000 0.000000000e+000 4.500000000e+000 4.500000000e+000 0.000000000e+000 5.000000000e+000 5.000000000e+000 1.149419598e-005 
d 0.000000000e+000 0.000000000e+000 -1.257673500e-005 4.000000000e+000 4.000000000e+000 0.000000000e+000 5.000000000e+000 5.000000000e+000 0.000000000e+000 5.000000000e+000 5.000000000e+000 1.257673500e-005 
d 0.000000000e+000 0.000000000e+000 -1.362977947e-005 4.000000000e+000 4.000000000e+000 0.000000000e+000 5.500000000e+000 5.500000000e+000 0.000000000e+000 5.000000000e+000 5.000000000e+000 1.362977946e-005 
d 0.000000000e+000 0.000000000e+000 -1.463205789e-005 4.000000000e+000 4.000000000e+000 0.000000000e+000 6.000000000e+000 6.000000000e+000 0.000000000e+000 5.000000000e+000 5.000000000e+000 1.463205789e-005 
d 0.000000000e+000 0.000000000e+000 -1.555930466e-005 4.000000000e+000 4.000000000e+000 0.000000000e+000 6.500000000e+000 6.500000000e+000 0.000000000e+000 5.000000000e+000 5.000000000e+000 1.555930466e-005 
d 0.000000000e+000 0.000000000e+000 -1.639808451e-005 4.000000000e+000 4.000000000e+000 0.000000000e+000 7.000000000e+000 7.000000000e+000 0.000000000e+000 5.000000000e+000 5.000000000e+000 1.639808446e-005 
d 0.000000000e+000 0.000000000e+000 -1.714868781e-005 4.000000000e+000 4.000000000e+000 0.000000000e+000 7.500000000e+000 7.500000000e+000 0.000000000e+000 5.000000000e+000 5.000000000e+000 1.714868779e-005 
d 0.000000000e+000 0.000000000e+000 -1.781936247e-005 4.000000000e+000 4.000000000e+000 0.000000000e+000 8.000000000e+000 8.000000000e+000 0.000000000e+000 5.000000000e+000 5.000000000e+000 1.781936246e-005 
d 0.000000000e+000 0.000000000e+000 -1.842011759e-005 4.000000000e+000 4.000000000e+000 0.000000000e+000 8.500000000e+000 8.500000000e+000 0.000000000e+000 5.000000000e+000 5.000000000e+000 1.842011759e-005 
d 0.000000000e+000 0.000000000e+000 -1.896119124e-005 4.000000000e+000 4.000000000e+000 0.000000000e+000 9.000000000e+000 9.000000000e+000 0.000000000e+000 5.000000000e+000 5.000000000e+000 1.896119124e-005 
d 0.000000000e+000 0.000000000e+000 -1.945300895e-005 4.000000000e+000 4.000000000e+000 0.000000000e+000 9.500000000e+000 9.500000000e+000 0.000000000e+000 5.000000000e+000 5.000000000e+000 1.945300895e-005 
d 0.000000000e+000 0.000000000e+000 -1.990451524e-005 4.000000000e+000 4.000000000e+000 0.000000000e+000 1.000000000e+001 1.000000000e+001 0.000000000e+000 5.000000000e+000 5.000000000e+000 1.990451524e-005 
