v ATLAS
# This file was created by ATLAS version 5.26.1.R on Thu Nov 28 14:44:50 2019.
#SSF 2.0 generic
##############################################################################
#                    Copyright (c) 1984 - 2018                               #
#                    Silvaco Inc. All rights reserved                        #
#                                                                            #
# This file format and the following Key are copyright Silvaco Inc.          #
# You may not use, this format or key without reproducing this message in    #
# full and obtaining express written permission from Silvaco Inc.            #
#                                                                            #
# To obtain such permission please contact: Silvaco Inc.                     #
#                                           support@silvaco.com              #
#                                                                            #
# KEY=SVC86hn7562asdx                       PROD=345                         #
##############################################################################
y 1 15
z 300
f 4 "source" "gate1" "gate2" "drain" 
p 12 2 601 20 3 602 21 4 603 22 5 604 23 
d 0.000000000e+000 0.000000000e+000 -1.527178296e-009 0.000000000e+000 0.000000000e+000 0.000000000e+000 -5.000000000e+000 -5.000000000e+000 0.000000000e+000 5.000000000e+000 5.000000000e+000 1.527177946e-009 
d 0.000000000e+000 0.000000000e+000 -1.766778518e-009 0.000000000e+000 0.000000000e+000 0.000000000e+000 -4.500000000e+000 -4.500000000e+000 0.000000000e+000 5.000000000e+000 5.000000000e+000 1.766778719e-009 
d 0.000000000e+000 0.000000000e+000 -2.126829522e-009 0.000000000e+000 0.000000000e+000 0.000000000e+000 -4.000000000e+000 -4.000000000e+000 0.000000000e+000 5.000000000e+000 5.000000000e+000 2.126829307e-009 
d 0.000000000e+000 0.000000000e+000 -2.658546107e-009 0.000000000e+000 0.000000000e+000 0.000000000e+000 -3.500000000e+000 -3.500000000e+000 0.000000000e+000 5.000000000e+000 5.000000000e+000 2.658546121e-009 
d 0.000000000e+000 0.000000000e+000 -3.543507880e-009 0.000000000e+000 0.000000000e+000 0.000000000e+000 -3.000000000e+000 -3.000000000e+000 0.000000000e+000 5.000000000e+000 5.000000000e+000 3.543507923e-009 
d 0.000000000e+000 0.000000000e+000 -5.229827026e-009 0.000000000e+000 0.000000000e+000 0.000000000e+000 -2.500000000e+000 -2.500000000e+000 0.000000000e+000 5.000000000e+000 5.000000000e+000 5.229826828e-009 
d 0.000000000e+000 0.000000000e+000 -9.226092261e-009 0.000000000e+000 0.000000000e+000 0.000000000e+000 -2.000000000e+000 -2.000000000e+000 0.000000000e+000 5.000000000e+000 5.000000000e+000 9.226092470e-009 
d 0.000000000e+000 0.000000000e+000 -2.333819997e-008 0.000000000e+000 0.000000000e+000 0.000000000e+000 -1.500000000e+000 -1.500000000e+000 0.000000000e+000 5.000000000e+000 5.000000000e+000 2.333819999e-008 
d 0.000000000e+000 0.000000000e+000 -9.088702140e-008 0.000000000e+000 0.000000000e+000 0.000000000e+000 -1.000000000e+000 -1.000000000e+000 0.000000000e+000 5.000000000e+000 5.000000000e+000 9.088702129e-008 
d 0.000000000e+000 0.000000000e+000 -2.497369374e-007 0.000000000e+000 0.000000000e+000 0.000000000e+000 -5.000000000e-001 -5.000000000e-001 0.000000000e+000 5.000000000e+000 5.000000000e+000 2.497369376e-007 
d 0.000000000e+000 0.000000000e+000 -5.109761633e-007 0.000000000e+000 0.000000000e+000 0.000000000e+000 5.510695461e-016 5.510695461e-016 0.000000000e+000 5.000000000e+000 5.000000000e+000 5.109761631e-007 
d 0.000000000e+000 0.000000000e+000 -8.720575653e-007 0.000000000e+000 0.000000000e+000 0.000000000e+000 5.000000000e-001 5.000000000e-001 0.000000000e+000 5.000000000e+000 5.000000000e+000 8.720575653e-007 
d 0.000000000e+000 0.000000000e+000 -1.325283704e-006 0.000000000e+000 0.000000000e+000 0.000000000e+000 1.000000000e+000 1.000000000e+000 0.000000000e+000 5.000000000e+000 5.000000000e+000 1.325283704e-006 
d 0.000000000e+000 0.000000000e+000 -1.862094651e-006 0.000000000e+000 0.000000000e+000 0.000000000e+000 1.500000000e+000 1.500000000e+000 0.000000000e+000 5.000000000e+000 5.000000000e+000 1.862094651e-006 
d 0.000000000e+000 0.000000000e+000 -2.472801573e-006 0.000000000e+000 0.000000000e+000 0.000000000e+000 2.000000000e+000 2.000000000e+000 0.000000000e+000 5.000000000e+000 5.000000000e+000 2.472801573e-006 
d 0.000000000e+000 0.000000000e+000 -3.145688958e-006 0.000000000e+000 0.000000000e+000 0.000000000e+000 2.500000000e+000 2.500000000e+000 0.000000000e+000 5.000000000e+000 5.000000000e+000 3.145688958e-006 
d 0.000000000e+000 0.000000000e+000 -3.868636830e-006 0.000000000e+000 0.000000000e+000 0.000000000e+000 3.000000000e+000 3.000000000e+000 0.000000000e+000 5.000000000e+000 5.000000000e+000 3.868636830e-006 
d 0.000000000e+000 0.000000000e+000 -4.632484064e-006 0.000000000e+000 0.000000000e+000 0.000000000e+000 3.500000000e+000 3.500000000e+000 0.000000000e+000 5.000000000e+000 5.000000000e+000 4.632484064e-006 
d 0.000000000e+000 0.000000000e+000 -5.430099938e-006 0.000000000e+000 0.000000000e+000 0.000000000e+000 4.000000000e+000 4.000000000e+000 0.000000000e+000 5.000000000e+000 5.000000000e+000 5.430099938e-006 
d 0.000000000e+000 0.000000000e+000 -6.254252275e-006 0.000000000e+000 0.000000000e+000 0.000000000e+000 4.500000000e+000 4.500000000e+000 0.000000000e+000 5.000000000e+000 5.000000000e+000 6.254252268e-006 
d 0.000000000e+000 0.000000000e+000 -7.096552208e-006 0.000000000e+000 0.000000000e+000 0.000000000e+000 5.000000000e+000 5.000000000e+000 0.000000000e+000 5.000000000e+000 5.000000000e+000 7.096552201e-006 
d 0.000000000e+000 0.000000000e+000 -7.943926657e-006 0.000000000e+000 0.000000000e+000 0.000000000e+000 5.500000000e+000 5.500000000e+000 0.000000000e+000 5.000000000e+000 5.000000000e+000 7.943926645e-006 
d 0.000000000e+000 0.000000000e+000 -8.776292263e-006 0.000000000e+000 0.000000000e+000 0.000000000e+000 6.000000000e+000 6.000000000e+000 0.000000000e+000 5.000000000e+000 5.000000000e+000 8.776292262e-006 
d 0.000000000e+000 0.000000000e+000 -9.566317642e-006 0.000000000e+000 0.000000000e+000 0.000000000e+000 6.500000000e+000 6.500000000e+000 0.000000000e+000 5.000000000e+000 5.000000000e+000 9.566317642e-006 
d 0.000000000e+000 0.000000000e+000 -1.029198288e-005 0.000000000e+000 0.000000000e+000 0.000000000e+000 7.000000000e+000 7.000000000e+000 0.000000000e+000 5.000000000e+000 5.000000000e+000 1.029198288e-005 
d 0.000000000e+000 0.000000000e+000 -1.094608079e-005 0.000000000e+000 0.000000000e+000 0.000000000e+000 7.500000000e+000 7.500000000e+000 0.000000000e+000 5.000000000e+000 5.000000000e+000 1.094608079e-005 
d 0.000000000e+000 0.000000000e+000 -1.153190379e-005 0.000000000e+000 0.000000000e+000 0.000000000e+000 8.000000000e+000 8.000000000e+000 0.000000000e+000 5.000000000e+000 5.000000000e+000 1.153190379e-005 
d 0.000000000e+000 0.000000000e+000 -1.205571502e-005 0.000000000e+000 0.000000000e+000 0.000000000e+000 8.500000000e+000 8.500000000e+000 0.000000000e+000 5.000000000e+000 5.000000000e+000 1.205571502e-005 
d 0.000000000e+000 0.000000000e+000 -1.252665738e-005 0.000000000e+000 0.000000000e+000 0.000000000e+000 9.000000000e+000 9.000000000e+000 0.000000000e+000 5.000000000e+000 5.000000000e+000 1.252665738e-005 
d 0.000000000e+000 0.000000000e+000 -1.295616827e-005 0.000000000e+000 0.000000000e+000 0.000000000e+000 9.500000000e+000 9.500000000e+000 0.000000000e+000 5.000000000e+000 5.000000000e+000 1.295616827e-005 
d 0.000000000e+000 0.000000000e+000 -1.334930710e-005 0.000000000e+000 0.000000000e+000 0.000000000e+000 1.000000000e+001 1.000000000e+001 0.000000000e+000 5.000000000e+000 5.000000000e+000 1.334930710e-005 
