v ATLAS
# This file was created by ATLAS version 5.26.1.R on Thu Nov 28 14:46:51 2019.
#SSF 2.0 generic
##############################################################################
#                    Copyright (c) 1984 - 2018                               #
#                    Silvaco Inc. All rights reserved                        #
#                                                                            #
# This file format and the following Key are copyright Silvaco Inc.          #
# You may not use, this format or key without reproducing this message in    #
# full and obtaining express written permission from Silvaco Inc.            #
#                                                                            #
# To obtain such permission please contact: Silvaco Inc.                     #
#                                           support@silvaco.com              #
#                                                                            #
# KEY=SVC86hn7562asdx                       PROD=345                         #
##############################################################################
y 1 15
z 300
f 4 "source" "gate1" "gate2" "drain" 
p 12 2 601 20 3 602 21 4 603 22 5 604 23 
d 0.000000000e+000 0.000000000e+000 -6.679510804e-009 1.000000000e+000 1.000000000e+000 0.000000000e+000 -5.000000000e+000 -5.000000000e+000 0.000000000e+000 5.000000000e+000 5.000000000e+000 6.679510795e-009 
d 0.000000000e+000 0.000000000e+000 -8.042951660e-009 1.000000000e+000 1.000000000e+000 0.000000000e+000 -4.500000000e+000 -4.500000000e+000 0.000000000e+000 5.000000000e+000 5.000000000e+000 8.042951580e-009 
d 0.000000000e+000 0.000000000e+000 -1.017610230e-008 1.000000000e+000 1.000000000e+000 0.000000000e+000 -4.000000000e+000 -4.000000000e+000 0.000000000e+000 5.000000000e+000 5.000000000e+000 1.017610238e-008 
d 0.000000000e+000 0.000000000e+000 -1.354231026e-008 1.000000000e+000 1.000000000e+000 0.000000000e+000 -3.500000000e+000 -3.500000000e+000 0.000000000e+000 5.000000000e+000 5.000000000e+000 1.354231031e-008 
d 0.000000000e+000 0.000000000e+000 -1.935692315e-008 1.000000000e+000 1.000000000e+000 0.000000000e+000 -3.000000000e+000 -3.000000000e+000 0.000000000e+000 5.000000000e+000 5.000000000e+000 1.935692314e-008 
d 0.000000000e+000 0.000000000e+000 -3.060316598e-008 1.000000000e+000 1.000000000e+000 0.000000000e+000 -2.500000000e+000 -2.500000000e+000 0.000000000e+000 5.000000000e+000 5.000000000e+000 3.060316635e-008 
d 0.000000000e+000 0.000000000e+000 -5.621441184e-008 1.000000000e+000 1.000000000e+000 0.000000000e+000 -2.000000000e+000 -2.000000000e+000 0.000000000e+000 5.000000000e+000 5.000000000e+000 5.621441208e-008 
d 0.000000000e+000 0.000000000e+000 -1.313994064e-007 1.000000000e+000 1.000000000e+000 0.000000000e+000 -1.500000000e+000 -1.500000000e+000 0.000000000e+000 5.000000000e+000 5.000000000e+000 1.313994064e-007 
d 0.000000000e+000 0.000000000e+000 -3.565373092e-007 1.000000000e+000 1.000000000e+000 0.000000000e+000 -1.000000000e+000 -1.000000000e+000 0.000000000e+000 5.000000000e+000 5.000000000e+000 3.565373089e-007 
d 0.000000000e+000 0.000000000e+000 -7.153806472e-007 1.000000000e+000 1.000000000e+000 0.000000000e+000 -5.000000000e-001 -5.000000000e-001 0.000000000e+000 5.000000000e+000 5.000000000e+000 7.153806471e-007 
d 0.000000000e+000 0.000000000e+000 -1.184338719e-006 1.000000000e+000 1.000000000e+000 0.000000000e+000 5.510695461e-016 5.510695461e-016 0.000000000e+000 5.000000000e+000 5.000000000e+000 1.184338719e-006 
d 0.000000000e+000 0.000000000e+000 -1.750322573e-006 1.000000000e+000 1.000000000e+000 0.000000000e+000 5.000000000e-001 5.000000000e-001 0.000000000e+000 5.000000000e+000 5.000000000e+000 1.750322573e-006 
d 0.000000000e+000 0.000000000e+000 -2.403154730e-006 1.000000000e+000 1.000000000e+000 0.000000000e+000 1.000000000e+000 1.000000000e+000 0.000000000e+000 5.000000000e+000 5.000000000e+000 2.403154730e-006 
d 0.000000000e+000 0.000000000e+000 -3.131850041e-006 1.000000000e+000 1.000000000e+000 0.000000000e+000 1.500000000e+000 1.500000000e+000 0.000000000e+000 5.000000000e+000 5.000000000e+000 3.131850041e-006 
d 0.000000000e+000 0.000000000e+000 -3.923229066e-006 1.000000000e+000 1.000000000e+000 0.000000000e+000 2.000000000e+000 2.000000000e+000 0.000000000e+000 5.000000000e+000 5.000000000e+000 3.923229066e-006 
d 0.000000000e+000 0.000000000e+000 -4.763758396e-006 1.000000000e+000 1.000000000e+000 0.000000000e+000 2.500000000e+000 2.500000000e+000 0.000000000e+000 5.000000000e+000 5.000000000e+000 4.763758396e-006 
d 0.000000000e+000 0.000000000e+000 -5.642022375e-006 1.000000000e+000 1.000000000e+000 0.000000000e+000 3.000000000e+000 3.000000000e+000 0.000000000e+000 5.000000000e+000 5.000000000e+000 5.642022375e-006 
d 0.000000000e+000 0.000000000e+000 -6.549634881e-006 1.000000000e+000 1.000000000e+000 0.000000000e+000 3.500000000e+000 3.500000000e+000 0.000000000e+000 5.000000000e+000 5.000000000e+000 6.549634881e-006 
d 0.000000000e+000 0.000000000e+000 -7.479945905e-006 1.000000000e+000 1.000000000e+000 0.000000000e+000 4.000000000e+000 4.000000000e+000 0.000000000e+000 5.000000000e+000 5.000000000e+000 7.479945905e-006 
d 0.000000000e+000 0.000000000e+000 -8.426159603e-006 1.000000000e+000 1.000000000e+000 0.000000000e+000 4.500000000e+000 4.500000000e+000 0.000000000e+000 5.000000000e+000 5.000000000e+000 8.426159599e-006 
d 0.000000000e+000 0.000000000e+000 -9.379783529e-006 1.000000000e+000 1.000000000e+000 0.000000000e+000 5.000000000e+000 5.000000000e+000 0.000000000e+000 5.000000000e+000 5.000000000e+000 9.379783523e-006 
d 0.000000000e+000 0.000000000e+000 -1.032649878e-005 1.000000000e+000 1.000000000e+000 0.000000000e+000 5.500000000e+000 5.500000000e+000 0.000000000e+000 5.000000000e+000 5.000000000e+000 1.032649877e-005 
d 0.000000000e+000 0.000000000e+000 -1.124409750e-005 1.000000000e+000 1.000000000e+000 0.000000000e+000 6.000000000e+000 6.000000000e+000 0.000000000e+000 5.000000000e+000 5.000000000e+000 1.124409750e-005 
d 0.000000000e+000 0.000000000e+000 -1.210585399e-005 1.000000000e+000 1.000000000e+000 0.000000000e+000 6.500000000e+000 6.500000000e+000 0.000000000e+000 5.000000000e+000 5.000000000e+000 1.210585399e-005 
d 0.000000000e+000 0.000000000e+000 -1.289298643e-005 1.000000000e+000 1.000000000e+000 0.000000000e+000 7.000000000e+000 7.000000000e+000 0.000000000e+000 5.000000000e+000 5.000000000e+000 1.289298643e-005 
d 0.000000000e+000 0.000000000e+000 -1.360089333e-005 1.000000000e+000 1.000000000e+000 0.000000000e+000 7.500000000e+000 7.500000000e+000 0.000000000e+000 5.000000000e+000 5.000000000e+000 1.360089333e-005 
d 0.000000000e+000 0.000000000e+000 -1.423424518e-005 1.000000000e+000 1.000000000e+000 0.000000000e+000 8.000000000e+000 8.000000000e+000 0.000000000e+000 5.000000000e+000 5.000000000e+000 1.423424517e-005 
d 0.000000000e+000 0.000000000e+000 -1.480222204e-005 1.000000000e+000 1.000000000e+000 0.000000000e+000 8.500000000e+000 8.500000000e+000 0.000000000e+000 5.000000000e+000 5.000000000e+000 1.480222203e-005 
d 0.000000000e+000 0.000000000e+000 -1.531599987e-005 1.000000000e+000 1.000000000e+000 0.000000000e+000 9.000000000e+000 9.000000000e+000 0.000000000e+000 5.000000000e+000 5.000000000e+000 1.531599987e-005 
d 0.000000000e+000 0.000000000e+000 -1.578278171e-005 1.000000000e+000 1.000000000e+000 0.000000000e+000 9.500000000e+000 9.500000000e+000 0.000000000e+000 5.000000000e+000 5.000000000e+000 1.578278171e-005 
d 0.000000000e+000 0.000000000e+000 -1.620460078e-005 1.000000000e+000 1.000000000e+000 0.000000000e+000 1.000000000e+001 1.000000000e+001 0.000000000e+000 5.000000000e+000 5.000000000e+000 1.620460078e-005 
