v ATLAS
# This file was created by ATLAS version 5.26.1.R on Thu Nov 28 14:56:08 2019.
#SSF 2.0 generic
##############################################################################
#                    Copyright (c) 1984 - 2018                               #
#                    Silvaco Inc. All rights reserved                        #
#                                                                            #
# This file format and the following Key are copyright Silvaco Inc.          #
# You may not use, this format or key without reproducing this message in    #
# full and obtaining express written permission from Silvaco Inc.            #
#                                                                            #
# To obtain such permission please contact: Silvaco Inc.                     #
#                                           support@silvaco.com              #
#                                                                            #
# KEY=SVC86hn7562asdx                       PROD=345                         #
##############################################################################
y 1 15
z 300
f 4 "source" "gate1" "gate2" "drain" 
p 12 2 601 20 3 602 21 4 603 22 5 604 23 
d 0.000000000e+000 0.000000000e+000 -2.695185079e-007 1.250000000e+000 1.250000000e+000 0.000000000e+000 -1.250000000e+000 -1.250000000e+000 0.000000000e+000 5.000000000e+000 5.000000000e+000 2.695185078e-007 
d 0.000000000e+000 0.000000000e+000 -1.185262683e-007 2.500000000e+000 2.500000000e+000 0.000000000e+000 -2.500000000e+000 -2.500000000e+000 0.000000000e+000 5.000000000e+000 5.000000000e+000 1.185262683e-007 
d 0.000000000e+000 0.000000000e+000 -1.263106983e-007 5.000000000e+000 5.000000000e+000 0.000000000e+000 -5.000000000e+000 -5.000000000e+000 0.000000000e+000 5.000000000e+000 5.000000000e+000 1.263106985e-007 
d 0.000000000e+000 0.000000000e+000 -1.485449242e-007 5.000000000e+000 5.000000000e+000 0.000000000e+000 -4.500000000e+000 -4.500000000e+000 0.000000000e+000 5.000000000e+000 5.000000000e+000 1.485449240e-007 
d 0.000000000e+000 0.000000000e+000 -1.789300300e-007 5.000000000e+000 5.000000000e+000 0.000000000e+000 -4.000000000e+000 -4.000000000e+000 0.000000000e+000 5.000000000e+000 5.000000000e+000 1.789300303e-007 
d 0.000000000e+000 0.000000000e+000 -2.188849894e-007 5.000000000e+000 5.000000000e+000 0.000000000e+000 -3.500000000e+000 -3.500000000e+000 0.000000000e+000 5.000000000e+000 5.000000000e+000 2.188849896e-007 
d 0.000000000e+000 0.000000000e+000 -2.702161447e-007 5.000000000e+000 5.000000000e+000 0.000000000e+000 -3.000000000e+000 -3.000000000e+000 0.000000000e+000 5.000000000e+000 5.000000000e+000 2.702161448e-007 
d 0.000000000e+000 0.000000000e+000 -3.440547942e-007 5.000000000e+000 5.000000000e+000 0.000000000e+000 -2.500000000e+000 -2.500000000e+000 0.000000000e+000 5.000000000e+000 5.000000000e+000 3.440547943e-007 
d 0.000000000e+000 0.000000000e+000 -4.615212164e-007 5.000000000e+000 5.000000000e+000 0.000000000e+000 -2.000000000e+000 -2.000000000e+000 0.000000000e+000 5.000000000e+000 5.000000000e+000 4.615212163e-007 
d 0.000000000e+000 0.000000000e+000 -6.885157109e-007 5.000000000e+000 5.000000000e+000 0.000000000e+000 -1.500000000e+000 -1.500000000e+000 0.000000000e+000 5.000000000e+000 5.000000000e+000 6.885157108e-007 
d 0.000000000e+000 0.000000000e+000 -1.110015119e-006 5.000000000e+000 5.000000000e+000 0.000000000e+000 -1.000000000e+000 -1.000000000e+000 0.000000000e+000 5.000000000e+000 5.000000000e+000 1.110015119e-006 
d 0.000000000e+000 0.000000000e+000 -1.651072639e-006 5.000000000e+000 5.000000000e+000 0.000000000e+000 -5.000000000e-001 -5.000000000e-001 0.000000000e+000 5.000000000e+000 5.000000000e+000 1.651072640e-006 
d 0.000000000e+000 0.000000000e+000 -2.320779134e-006 5.000000000e+000 5.000000000e+000 0.000000000e+000 5.510695461e-016 5.510695461e-016 0.000000000e+000 5.000000000e+000 5.000000000e+000 2.320779134e-006 
d 0.000000000e+000 0.000000000e+000 -3.136401953e-006 5.000000000e+000 5.000000000e+000 0.000000000e+000 5.000000000e-001 5.000000000e-001 0.000000000e+000 5.000000000e+000 5.000000000e+000 3.136401953e-006 
d 0.000000000e+000 0.000000000e+000 -4.094770214e-006 5.000000000e+000 5.000000000e+000 0.000000000e+000 1.000000000e+000 1.000000000e+000 0.000000000e+000 5.000000000e+000 5.000000000e+000 4.094770214e-006 
d 0.000000000e+000 0.000000000e+000 -5.157896960e-006 5.000000000e+000 5.000000000e+000 0.000000000e+000 1.500000000e+000 1.500000000e+000 0.000000000e+000 5.000000000e+000 5.000000000e+000 5.157896960e-006 
d 0.000000000e+000 0.000000000e+000 -6.291100245e-006 5.000000000e+000 5.000000000e+000 0.000000000e+000 2.000000000e+000 2.000000000e+000 0.000000000e+000 5.000000000e+000 5.000000000e+000 6.291100245e-006 
d 0.000000000e+000 0.000000000e+000 -7.469114225e-006 5.000000000e+000 5.000000000e+000 0.000000000e+000 2.500000000e+000 2.500000000e+000 0.000000000e+000 5.000000000e+000 5.000000000e+000 7.469114225e-006 
d 0.000000000e+000 0.000000000e+000 -8.670951701e-006 5.000000000e+000 5.000000000e+000 0.000000000e+000 3.000000000e+000 3.000000000e+000 0.000000000e+000 5.000000000e+000 5.000000000e+000 8.670951701e-006 
d 0.000000000e+000 0.000000000e+000 -9.881679920e-006 5.000000000e+000 5.000000000e+000 0.000000000e+000 3.500000000e+000 3.500000000e+000 0.000000000e+000 5.000000000e+000 5.000000000e+000 9.881679920e-006 
d 0.000000000e+000 0.000000000e+000 -1.108871587e-005 5.000000000e+000 5.000000000e+000 0.000000000e+000 4.000000000e+000 4.000000000e+000 0.000000000e+000 5.000000000e+000 5.000000000e+000 1.108871587e-005 
d 0.000000000e+000 0.000000000e+000 -1.227842473e-005 5.000000000e+000 5.000000000e+000 0.000000000e+000 4.500000000e+000 4.500000000e+000 0.000000000e+000 5.000000000e+000 5.000000000e+000 1.227842473e-005 
d 0.000000000e+000 0.000000000e+000 -1.343382348e-005 5.000000000e+000 5.000000000e+000 0.000000000e+000 5.000000000e+000 5.000000000e+000 0.000000000e+000 5.000000000e+000 5.000000000e+000 1.343382348e-005 
d 0.000000000e+000 0.000000000e+000 -1.453593293e-005 5.000000000e+000 5.000000000e+000 0.000000000e+000 5.500000000e+000 5.500000000e+000 0.000000000e+000 5.000000000e+000 5.000000000e+000 1.453593293e-005 
d 0.000000000e+000 0.000000000e+000 -1.556644271e-005 5.000000000e+000 5.000000000e+000 0.000000000e+000 6.000000000e+000 6.000000000e+000 0.000000000e+000 5.000000000e+000 5.000000000e+000 1.556644271e-005 
d 0.000000000e+000 0.000000000e+000 -1.650864509e-005 5.000000000e+000 5.000000000e+000 0.000000000e+000 6.500000000e+000 6.500000000e+000 0.000000000e+000 5.000000000e+000 5.000000000e+000 1.650864509e-005 
d 0.000000000e+000 0.000000000e+000 -1.735494207e-005 5.000000000e+000 5.000000000e+000 0.000000000e+000 7.000000000e+000 7.000000000e+000 0.000000000e+000 5.000000000e+000 5.000000000e+000 1.735494206e-005 
d 0.000000000e+000 0.000000000e+000 -1.810901109e-005 5.000000000e+000 5.000000000e+000 0.000000000e+000 7.500000000e+000 7.500000000e+000 0.000000000e+000 5.000000000e+000 5.000000000e+000 1.810901109e-005 
d 0.000000000e+000 0.000000000e+000 -1.878112488e-005 5.000000000e+000 5.000000000e+000 0.000000000e+000 8.000000000e+000 8.000000000e+000 0.000000000e+000 5.000000000e+000 5.000000000e+000 1.878112487e-005 
d 0.000000000e+000 0.000000000e+000 -1.938323368e-005 5.000000000e+000 5.000000000e+000 0.000000000e+000 8.500000000e+000 8.500000000e+000 0.000000000e+000 5.000000000e+000 5.000000000e+000 1.938323368e-005 
d 0.000000000e+000 0.000000000e+000 -1.992688142e-005 5.000000000e+000 5.000000000e+000 0.000000000e+000 9.000000000e+000 9.000000000e+000 0.000000000e+000 5.000000000e+000 5.000000000e+000 1.992688142e-005 
d 0.000000000e+000 0.000000000e+000 -2.042200583e-005 5.000000000e+000 5.000000000e+000 0.000000000e+000 9.500000000e+000 9.500000000e+000 0.000000000e+000 5.000000000e+000 5.000000000e+000 2.042200583e-005 
d 0.000000000e+000 0.000000000e+000 -2.087587403e-005 5.000000000e+000 5.000000000e+000 0.000000000e+000 1.000000000e+001 1.000000000e+001 0.000000000e+000 5.000000000e+000 5.000000000e+000 2.087587403e-005 
