v ATLAS
# This file was created by ATLAS version 5.26.1.R on Thu Nov 28 14:50:54 2019.
#SSF 2.0 generic
##############################################################################
#                    Copyright (c) 1984 - 2018                               #
#                    Silvaco Inc. All rights reserved                        #
#                                                                            #
# This file format and the following Key are copyright Silvaco Inc.          #
# You may not use, this format or key without reproducing this message in    #
# full and obtaining express written permission from Silvaco Inc.            #
#                                                                            #
# To obtain such permission please contact: Silvaco Inc.                     #
#                                           support@silvaco.com              #
#                                                                            #
# KEY=SVC86hn7562asdx                       PROD=345                         #
##############################################################################
y 1 15
z 300
f 4 "source" "gate1" "gate2" "drain" 
p 12 2 601 20 3 602 21 4 603 22 5 604 23 
d 0.000000000e+000 0.000000000e+000 -4.966551411e-008 1.500000000e+000 1.500000000e+000 0.000000000e+000 -2.500000000e+000 -2.500000000e+000 0.000000000e+000 5.000000000e+000 5.000000000e+000 4.966551410e-008 
d 0.000000000e+000 0.000000000e+000 -3.346430656e-008 3.000000000e+000 3.000000000e+000 0.000000000e+000 -5.000000000e+000 -5.000000000e+000 0.000000000e+000 5.000000000e+000 5.000000000e+000 3.346430654e-008 
d 0.000000000e+000 0.000000000e+000 -4.277571312e-008 3.000000000e+000 3.000000000e+000 0.000000000e+000 -4.500000000e+000 -4.500000000e+000 0.000000000e+000 5.000000000e+000 5.000000000e+000 4.277571285e-008 
d 0.000000000e+000 0.000000000e+000 -5.664057831e-008 3.000000000e+000 3.000000000e+000 0.000000000e+000 -4.000000000e+000 -4.000000000e+000 0.000000000e+000 5.000000000e+000 5.000000000e+000 5.664057814e-008 
d 0.000000000e+000 0.000000000e+000 -7.805452938e-008 3.000000000e+000 3.000000000e+000 0.000000000e+000 -3.500000000e+000 -3.500000000e+000 0.000000000e+000 5.000000000e+000 5.000000000e+000 7.805452969e-008 
d 0.000000000e+000 0.000000000e+000 -1.130845091e-007 3.000000000e+000 3.000000000e+000 0.000000000e+000 -3.000000000e+000 -3.000000000e+000 0.000000000e+000 5.000000000e+000 5.000000000e+000 1.130845095e-007 
d 0.000000000e+000 0.000000000e+000 -1.712275489e-007 3.000000000e+000 3.000000000e+000 0.000000000e+000 -2.500000000e+000 -2.500000000e+000 0.000000000e+000 5.000000000e+000 5.000000000e+000 1.712275490e-007 
d 0.000000000e+000 0.000000000e+000 -2.653752786e-007 3.000000000e+000 3.000000000e+000 0.000000000e+000 -2.000000000e+000 -2.000000000e+000 0.000000000e+000 5.000000000e+000 5.000000000e+000 2.653752783e-007 
d 0.000000000e+000 0.000000000e+000 -4.498106785e-007 3.000000000e+000 3.000000000e+000 0.000000000e+000 -1.500000000e+000 -1.500000000e+000 0.000000000e+000 5.000000000e+000 5.000000000e+000 4.498106785e-007 
d 0.000000000e+000 0.000000000e+000 -8.112941719e-007 3.000000000e+000 3.000000000e+000 0.000000000e+000 -1.000000000e+000 -1.000000000e+000 0.000000000e+000 5.000000000e+000 5.000000000e+000 8.112941717e-007 
d 0.000000000e+000 0.000000000e+000 -1.287259855e-006 3.000000000e+000 3.000000000e+000 0.000000000e+000 -5.000000000e-001 -5.000000000e-001 0.000000000e+000 5.000000000e+000 5.000000000e+000 1.287259854e-006 
d 0.000000000e+000 0.000000000e+000 -1.878923397e-006 3.000000000e+000 3.000000000e+000 0.000000000e+000 5.510695461e-016 5.510695461e-016 0.000000000e+000 5.000000000e+000 5.000000000e+000 1.878923396e-006 
d 0.000000000e+000 0.000000000e+000 -2.599799283e-006 3.000000000e+000 3.000000000e+000 0.000000000e+000 5.000000000e-001 5.000000000e-001 0.000000000e+000 5.000000000e+000 5.000000000e+000 2.599799283e-006 
d 0.000000000e+000 0.000000000e+000 -3.446300243e-006 3.000000000e+000 3.000000000e+000 0.000000000e+000 1.000000000e+000 1.000000000e+000 0.000000000e+000 5.000000000e+000 5.000000000e+000 3.446300243e-006 
d 0.000000000e+000 0.000000000e+000 -4.386908691e-006 3.000000000e+000 3.000000000e+000 0.000000000e+000 1.500000000e+000 1.500000000e+000 0.000000000e+000 5.000000000e+000 5.000000000e+000 4.386908691e-006 
d 0.000000000e+000 0.000000000e+000 -5.386797939e-006 3.000000000e+000 3.000000000e+000 0.000000000e+000 2.000000000e+000 2.000000000e+000 0.000000000e+000 5.000000000e+000 5.000000000e+000 5.386797939e-006 
d 0.000000000e+000 0.000000000e+000 -6.413091035e-006 3.000000000e+000 3.000000000e+000 0.000000000e+000 2.500000000e+000 2.500000000e+000 0.000000000e+000 5.000000000e+000 5.000000000e+000 6.413091035e-006 
d 0.000000000e+000 0.000000000e+000 -7.444988673e-006 3.000000000e+000 3.000000000e+000 0.000000000e+000 3.000000000e+000 3.000000000e+000 0.000000000e+000 5.000000000e+000 5.000000000e+000 7.444988673e-006 
d 0.000000000e+000 0.000000000e+000 -8.481742645e-006 3.000000000e+000 3.000000000e+000 0.000000000e+000 3.500000000e+000 3.500000000e+000 0.000000000e+000 5.000000000e+000 5.000000000e+000 8.481742645e-006 
d 0.000000000e+000 0.000000000e+000 -9.525842733e-006 3.000000000e+000 3.000000000e+000 0.000000000e+000 4.000000000e+000 4.000000000e+000 0.000000000e+000 5.000000000e+000 5.000000000e+000 9.525842733e-006 
d 0.000000000e+000 0.000000000e+000 -1.057461710e-005 3.000000000e+000 3.000000000e+000 0.000000000e+000 4.500000000e+000 4.500000000e+000 0.000000000e+000 5.000000000e+000 5.000000000e+000 1.057461710e-005 
d 0.000000000e+000 0.000000000e+000 -1.161997756e-005 3.000000000e+000 3.000000000e+000 0.000000000e+000 5.000000000e+000 5.000000000e+000 0.000000000e+000 5.000000000e+000 5.000000000e+000 1.161997755e-005 
d 0.000000000e+000 0.000000000e+000 -1.264640784e-005 3.000000000e+000 3.000000000e+000 0.000000000e+000 5.500000000e+000 5.500000000e+000 0.000000000e+000 5.000000000e+000 5.000000000e+000 1.264640783e-005 
d 0.000000000e+000 0.000000000e+000 -1.363032019e-005 3.000000000e+000 3.000000000e+000 0.000000000e+000 6.000000000e+000 6.000000000e+000 0.000000000e+000 5.000000000e+000 5.000000000e+000 1.363032019e-005 
d 0.000000000e+000 0.000000000e+000 -1.454570991e-005 3.000000000e+000 3.000000000e+000 0.000000000e+000 6.500000000e+000 6.500000000e+000 0.000000000e+000 5.000000000e+000 5.000000000e+000 1.454570991e-005 
d 0.000000000e+000 0.000000000e+000 -1.537696372e-005 3.000000000e+000 3.000000000e+000 0.000000000e+000 7.000000000e+000 7.000000000e+000 0.000000000e+000 5.000000000e+000 5.000000000e+000 1.537696372e-005 
d 0.000000000e+000 0.000000000e+000 -1.612262822e-005 3.000000000e+000 3.000000000e+000 0.000000000e+000 7.500000000e+000 7.500000000e+000 0.000000000e+000 5.000000000e+000 5.000000000e+000 1.612262820e-005 
d 0.000000000e+000 0.000000000e+000 -1.679039074e-005 3.000000000e+000 3.000000000e+000 0.000000000e+000 8.000000000e+000 8.000000000e+000 0.000000000e+000 5.000000000e+000 5.000000000e+000 1.679039073e-005 
d 0.000000000e+000 0.000000000e+000 -1.738993861e-005 3.000000000e+000 3.000000000e+000 0.000000000e+000 8.500000000e+000 8.500000000e+000 0.000000000e+000 5.000000000e+000 5.000000000e+000 1.738993861e-005 
d 0.000000000e+000 0.000000000e+000 -1.792934733e-005 3.000000000e+000 3.000000000e+000 0.000000000e+000 9.000000000e+000 9.000000000e+000 0.000000000e+000 5.000000000e+000 5.000000000e+000 1.792934733e-005 
d 0.000000000e+000 0.000000000e+000 -1.841702709e-005 3.000000000e+000 3.000000000e+000 0.000000000e+000 9.500000000e+000 9.500000000e+000 0.000000000e+000 5.000000000e+000 5.000000000e+000 1.841702709e-005 
d 0.000000000e+000 0.000000000e+000 -1.886245771e-005 3.000000000e+000 3.000000000e+000 0.000000000e+000 1.000000000e+001 1.000000000e+001 0.000000000e+000 5.000000000e+000 5.000000000e+000 1.886245771e-005 
