v ATLAS
# This file was created by ATLAS version 5.26.1.R on Thu Nov 28 14:48:41 2019.
#SSF 2.0 generic
##############################################################################
#                    Copyright (c) 1984 - 2018                               #
#                    Silvaco Inc. All rights reserved                        #
#                                                                            #
# This file format and the following Key are copyright Silvaco Inc.          #
# You may not use, this format or key without reproducing this message in    #
# full and obtaining express written permission from Silvaco Inc.            #
#                                                                            #
# To obtain such permission please contact: Silvaco Inc.                     #
#                                           support@silvaco.com              #
#                                                                            #
# KEY=SVC86hn7562asdx                       PROD=345                         #
##############################################################################
y 1 15
z 300
f 4 "source" "gate1" "gate2" "drain" 
p 12 2 601 20 3 602 21 4 603 22 5 604 23 
d 0.000000000e+000 0.000000000e+000 -1.460351886e-008 2.000000000e+000 2.000000000e+000 0.000000000e+000 -5.000000000e+000 -5.000000000e+000 0.000000000e+000 5.000000000e+000 5.000000000e+000 1.460351880e-008 
d 0.000000000e+000 0.000000000e+000 -1.841193318e-008 2.000000000e+000 2.000000000e+000 0.000000000e+000 -4.500000000e+000 -4.500000000e+000 0.000000000e+000 5.000000000e+000 5.000000000e+000 1.841193341e-008 
d 0.000000000e+000 0.000000000e+000 -2.432813730e-008 2.000000000e+000 2.000000000e+000 0.000000000e+000 -4.000000000e+000 -4.000000000e+000 0.000000000e+000 5.000000000e+000 5.000000000e+000 2.432813747e-008 
d 0.000000000e+000 0.000000000e+000 -3.346208150e-008 2.000000000e+000 2.000000000e+000 0.000000000e+000 -3.500000000e+000 -3.500000000e+000 0.000000000e+000 5.000000000e+000 5.000000000e+000 3.346208129e-008 
d 0.000000000e+000 0.000000000e+000 -4.887155347e-008 2.000000000e+000 2.000000000e+000 0.000000000e+000 -3.000000000e+000 -3.000000000e+000 0.000000000e+000 5.000000000e+000 5.000000000e+000 4.887155339e-008 
d 0.000000000e+000 0.000000000e+000 -7.816481100e-008 2.000000000e+000 2.000000000e+000 0.000000000e+000 -2.500000000e+000 -2.500000000e+000 0.000000000e+000 5.000000000e+000 5.000000000e+000 7.816481092e-008 
d 0.000000000e+000 0.000000000e+000 -1.371238674e-007 2.000000000e+000 2.000000000e+000 0.000000000e+000 -2.000000000e+000 -2.000000000e+000 0.000000000e+000 5.000000000e+000 5.000000000e+000 1.371238674e-007 
d 0.000000000e+000 0.000000000e+000 -2.812855131e-007 2.000000000e+000 2.000000000e+000 0.000000000e+000 -1.500000000e+000 -1.500000000e+000 0.000000000e+000 5.000000000e+000 5.000000000e+000 2.812855130e-007 
d 0.000000000e+000 0.000000000e+000 -6.079725165e-007 2.000000000e+000 2.000000000e+000 0.000000000e+000 -1.000000000e+000 -1.000000000e+000 0.000000000e+000 5.000000000e+000 5.000000000e+000 6.079725165e-007 
d 0.000000000e+000 0.000000000e+000 -1.050578041e-006 2.000000000e+000 2.000000000e+000 0.000000000e+000 -5.000000000e-001 -5.000000000e-001 0.000000000e+000 5.000000000e+000 5.000000000e+000 1.050578041e-006 
d 0.000000000e+000 0.000000000e+000 -1.596445410e-006 2.000000000e+000 2.000000000e+000 0.000000000e+000 5.510695461e-016 5.510695461e-016 0.000000000e+000 5.000000000e+000 5.000000000e+000 1.596445410e-006 
d 0.000000000e+000 0.000000000e+000 -2.253041208e-006 2.000000000e+000 2.000000000e+000 0.000000000e+000 5.000000000e-001 5.000000000e-001 0.000000000e+000 5.000000000e+000 5.000000000e+000 2.253041208e-006 
d 0.000000000e+000 0.000000000e+000 -3.011120641e-006 2.000000000e+000 2.000000000e+000 0.000000000e+000 1.000000000e+000 1.000000000e+000 0.000000000e+000 5.000000000e+000 5.000000000e+000 3.011120641e-006 
d 0.000000000e+000 0.000000000e+000 -3.842482904e-006 2.000000000e+000 2.000000000e+000 0.000000000e+000 1.500000000e+000 1.500000000e+000 0.000000000e+000 5.000000000e+000 5.000000000e+000 3.842482904e-006 
d 0.000000000e+000 0.000000000e+000 -4.725322247e-006 2.000000000e+000 2.000000000e+000 0.000000000e+000 2.000000000e+000 2.000000000e+000 0.000000000e+000 5.000000000e+000 5.000000000e+000 4.725322247e-006 
d 0.000000000e+000 0.000000000e+000 -5.647405046e-006 2.000000000e+000 2.000000000e+000 0.000000000e+000 2.500000000e+000 2.500000000e+000 0.000000000e+000 5.000000000e+000 5.000000000e+000 5.647405046e-006 
d 0.000000000e+000 0.000000000e+000 -6.599888161e-006 2.000000000e+000 2.000000000e+000 0.000000000e+000 3.000000000e+000 3.000000000e+000 0.000000000e+000 5.000000000e+000 5.000000000e+000 6.599888161e-006 
d 0.000000000e+000 0.000000000e+000 -7.576247503e-006 2.000000000e+000 2.000000000e+000 0.000000000e+000 3.500000000e+000 3.500000000e+000 0.000000000e+000 5.000000000e+000 5.000000000e+000 7.576247503e-006 
d 0.000000000e+000 0.000000000e+000 -8.570783521e-006 2.000000000e+000 2.000000000e+000 0.000000000e+000 4.000000000e+000 4.000000000e+000 0.000000000e+000 5.000000000e+000 5.000000000e+000 8.570783521e-006 
d 0.000000000e+000 0.000000000e+000 -9.576886786e-006 2.000000000e+000 2.000000000e+000 0.000000000e+000 4.500000000e+000 4.500000000e+000 0.000000000e+000 5.000000000e+000 5.000000000e+000 9.576886783e-006 
d 0.000000000e+000 0.000000000e+000 -1.058557440e-005 2.000000000e+000 2.000000000e+000 0.000000000e+000 5.000000000e+000 5.000000000e+000 0.000000000e+000 5.000000000e+000 5.000000000e+000 1.058557439e-005 
d 0.000000000e+000 0.000000000e+000 -1.158151686e-005 2.000000000e+000 2.000000000e+000 0.000000000e+000 5.500000000e+000 5.500000000e+000 0.000000000e+000 5.000000000e+000 5.000000000e+000 1.158151685e-005 
d 0.000000000e+000 0.000000000e+000 -1.254156109e-005 2.000000000e+000 2.000000000e+000 0.000000000e+000 6.000000000e+000 6.000000000e+000 0.000000000e+000 5.000000000e+000 5.000000000e+000 1.254156110e-005 
d 0.000000000e+000 0.000000000e+000 -1.343904634e-005 2.000000000e+000 2.000000000e+000 0.000000000e+000 6.500000000e+000 6.500000000e+000 0.000000000e+000 5.000000000e+000 5.000000000e+000 1.343904634e-005 
d 0.000000000e+000 0.000000000e+000 -1.425673076e-005 2.000000000e+000 2.000000000e+000 0.000000000e+000 7.000000000e+000 7.000000000e+000 0.000000000e+000 5.000000000e+000 5.000000000e+000 1.425673076e-005 
d 0.000000000e+000 0.000000000e+000 -1.499140540e-005 2.000000000e+000 2.000000000e+000 0.000000000e+000 7.500000000e+000 7.500000000e+000 0.000000000e+000 5.000000000e+000 5.000000000e+000 1.499140537e-005 
d 0.000000000e+000 0.000000000e+000 -1.564940027e-005 2.000000000e+000 2.000000000e+000 0.000000000e+000 8.000000000e+000 8.000000000e+000 0.000000000e+000 5.000000000e+000 5.000000000e+000 1.564940026e-005 
d 0.000000000e+000 0.000000000e+000 -1.624118327e-005 2.000000000e+000 2.000000000e+000 0.000000000e+000 8.500000000e+000 8.500000000e+000 0.000000000e+000 5.000000000e+000 5.000000000e+000 1.624118327e-005 
d 0.000000000e+000 0.000000000e+000 -1.677581708e-005 2.000000000e+000 2.000000000e+000 0.000000000e+000 9.000000000e+000 9.000000000e+000 0.000000000e+000 5.000000000e+000 5.000000000e+000 1.677581708e-005 
d 0.000000000e+000 0.000000000e+000 -1.726062735e-005 2.000000000e+000 2.000000000e+000 0.000000000e+000 9.500000000e+000 9.500000000e+000 0.000000000e+000 5.000000000e+000 5.000000000e+000 1.726062735e-005 
d 0.000000000e+000 0.000000000e+000 -1.770028149e-005 2.000000000e+000 2.000000000e+000 0.000000000e+000 1.000000000e+001 1.000000000e+001 0.000000000e+000 5.000000000e+000 5.000000000e+000 1.770028149e-005 
