v ATLAS
# This file was created by ATLAS version 5.26.1.R on Thu Nov 28 15:50:35 2019.
#SSF 2.0 generic
##############################################################################
#                    Copyright (c) 1984 - 2018                               #
#                    Silvaco Inc. All rights reserved                        #
#                                                                            #
# This file format and the following Key are copyright Silvaco Inc.          #
# You may not use, this format or key without reproducing this message in    #
# full and obtaining express written permission from Silvaco Inc.            #
#                                                                            #
# To obtain such permission please contact: Silvaco Inc.                     #
#                                           support@silvaco.com              #
#                                                                            #
# KEY=SVC86hn7562asdx                       PROD=345                         #
##############################################################################
y 1 15
z 300
f 4 "source" "gate1" "gate2" "drain" 
p 12 2 601 20 3 602 21 4 603 22 5 604 23 
d 0.000000000e+000 0.000000000e+000 -2.183777165e-007 -5.000000000e+000 -5.000000000e+000 0.000000000e+000 3.000000000e+000 3.000000000e+000 0.000000000e+000 5.000000000e+000 5.000000000e+000 2.183777164e-007 
d 0.000000000e+000 0.000000000e+000 -2.554212033e-007 -4.500000000e+000 -4.500000000e+000 0.000000000e+000 3.000000000e+000 3.000000000e+000 0.000000000e+000 5.000000000e+000 5.000000000e+000 2.554212031e-007 
d 0.000000000e+000 0.000000000e+000 -3.046686052e-007 -4.000000000e+000 -4.000000000e+000 0.000000000e+000 3.000000000e+000 3.000000000e+000 0.000000000e+000 5.000000000e+000 5.000000000e+000 3.046686050e-007 
d 0.000000000e+000 0.000000000e+000 -3.663673877e-007 -3.500000000e+000 -3.500000000e+000 0.000000000e+000 3.000000000e+000 3.000000000e+000 0.000000000e+000 5.000000000e+000 5.000000000e+000 3.663673877e-007 
d 0.000000000e+000 0.000000000e+000 -4.401782765e-007 -3.000000000e+000 -3.000000000e+000 0.000000000e+000 3.000000000e+000 3.000000000e+000 0.000000000e+000 5.000000000e+000 5.000000000e+000 4.401782764e-007 
d 0.000000000e+000 0.000000000e+000 -5.330096963e-007 -2.500000000e+000 -2.500000000e+000 0.000000000e+000 3.000000000e+000 3.000000000e+000 0.000000000e+000 5.000000000e+000 5.000000000e+000 5.330096962e-007 
d 0.000000000e+000 0.000000000e+000 -6.643152625e-007 -2.000000000e+000 -2.000000000e+000 0.000000000e+000 3.000000000e+000 3.000000000e+000 0.000000000e+000 5.000000000e+000 5.000000000e+000 6.643152624e-007 
d 0.000000000e+000 0.000000000e+000 -8.776405902e-007 -1.500000000e+000 -1.500000000e+000 0.000000000e+000 3.000000000e+000 3.000000000e+000 0.000000000e+000 5.000000000e+000 5.000000000e+000 8.776405903e-007 
d 0.000000000e+000 0.000000000e+000 -1.451712947e-006 -1.000000000e+000 -1.000000000e+000 0.000000000e+000 3.000000000e+000 3.000000000e+000 0.000000000e+000 5.000000000e+000 5.000000000e+000 1.451712947e-006 
d 0.000000000e+000 0.000000000e+000 -2.447038621e-006 -5.000000000e-001 -5.000000000e-001 0.000000000e+000 3.000000000e+000 3.000000000e+000 0.000000000e+000 5.000000000e+000 5.000000000e+000 2.447038621e-006 
d 0.000000000e+000 0.000000000e+000 -3.868422013e-006 5.510695461e-016 5.510695461e-016 0.000000000e+000 3.000000000e+000 3.000000000e+000 0.000000000e+000 5.000000000e+000 5.000000000e+000 3.868422013e-006 
d 0.000000000e+000 0.000000000e+000 -5.014428340e-006 5.000000000e-001 5.000000000e-001 0.000000000e+000 3.000000000e+000 3.000000000e+000 0.000000000e+000 5.000000000e+000 5.000000000e+000 5.014428340e-006 
d 0.000000000e+000 0.000000000e+000 -5.641590621e-006 1.000000000e+000 1.000000000e+000 0.000000000e+000 3.000000000e+000 3.000000000e+000 0.000000000e+000 5.000000000e+000 5.000000000e+000 5.641590621e-006 
d 0.000000000e+000 0.000000000e+000 -6.142153517e-006 1.500000000e+000 1.500000000e+000 0.000000000e+000 3.000000000e+000 3.000000000e+000 0.000000000e+000 5.000000000e+000 5.000000000e+000 6.142153517e-006 
d 0.000000000e+000 0.000000000e+000 -6.599824964e-006 2.000000000e+000 2.000000000e+000 0.000000000e+000 3.000000000e+000 3.000000000e+000 0.000000000e+000 5.000000000e+000 5.000000000e+000 6.599824964e-006 
d 0.000000000e+000 0.000000000e+000 -7.034043671e-006 2.500000000e+000 2.500000000e+000 0.000000000e+000 3.000000000e+000 3.000000000e+000 0.000000000e+000 5.000000000e+000 5.000000000e+000 7.034043658e-006 
d 0.000000000e+000 0.000000000e+000 -7.444767734e-006 3.000000000e+000 3.000000000e+000 0.000000000e+000 3.000000000e+000 3.000000000e+000 0.000000000e+000 5.000000000e+000 5.000000000e+000 7.444767734e-006 
d 0.000000000e+000 0.000000000e+000 -7.815328402e-006 3.500000000e+000 3.500000000e+000 0.000000000e+000 3.000000000e+000 3.000000000e+000 0.000000000e+000 5.000000000e+000 5.000000000e+000 7.815328402e-006 
d 0.000000000e+000 0.000000000e+000 -8.133656378e-006 4.000000000e+000 4.000000000e+000 0.000000000e+000 3.000000000e+000 3.000000000e+000 0.000000000e+000 5.000000000e+000 5.000000000e+000 8.133656378e-006 
d 0.000000000e+000 0.000000000e+000 -8.414080766e-006 4.500000000e+000 4.500000000e+000 0.000000000e+000 3.000000000e+000 3.000000000e+000 0.000000000e+000 5.000000000e+000 5.000000000e+000 8.414080766e-006 
d 0.000000000e+000 0.000000000e+000 -8.670810609e-006 5.000000000e+000 5.000000000e+000 0.000000000e+000 3.000000000e+000 3.000000000e+000 0.000000000e+000 5.000000000e+000 5.000000000e+000 8.670810609e-006 
d 0.000000000e+000 0.000000000e+000 -8.911335745e-006 5.500000000e+000 5.500000000e+000 0.000000000e+000 3.000000000e+000 3.000000000e+000 0.000000000e+000 5.000000000e+000 5.000000000e+000 8.911335744e-006 
d 0.000000000e+000 0.000000000e+000 -9.139854524e-006 6.000000000e+000 6.000000000e+000 0.000000000e+000 3.000000000e+000 3.000000000e+000 0.000000000e+000 5.000000000e+000 5.000000000e+000 9.139854524e-006 
d 0.000000000e+000 0.000000000e+000 -9.359036072e-006 6.500000000e+000 6.500000000e+000 0.000000000e+000 3.000000000e+000 3.000000000e+000 0.000000000e+000 5.000000000e+000 5.000000000e+000 9.359036072e-006 
d 0.000000000e+000 0.000000000e+000 -9.570700040e-006 7.000000000e+000 7.000000000e+000 0.000000000e+000 3.000000000e+000 3.000000000e+000 0.000000000e+000 5.000000000e+000 5.000000000e+000 9.570700040e-006 
d 0.000000000e+000 0.000000000e+000 -9.776194351e-006 7.500000000e+000 7.500000000e+000 0.000000000e+000 3.000000000e+000 3.000000000e+000 0.000000000e+000 5.000000000e+000 5.000000000e+000 9.776194351e-006 
d 0.000000000e+000 0.000000000e+000 -9.976493019e-006 8.000000000e+000 8.000000000e+000 0.000000000e+000 3.000000000e+000 3.000000000e+000 0.000000000e+000 5.000000000e+000 5.000000000e+000 9.976493019e-006 
d 0.000000000e+000 0.000000000e+000 -1.017231206e-005 8.500000000e+000 8.500000000e+000 0.000000000e+000 3.000000000e+000 3.000000000e+000 0.000000000e+000 5.000000000e+000 5.000000000e+000 1.017231206e-005 
d 0.000000000e+000 0.000000000e+000 -1.036417469e-005 9.000000000e+000 9.000000000e+000 0.000000000e+000 3.000000000e+000 3.000000000e+000 0.000000000e+000 5.000000000e+000 5.000000000e+000 1.036417469e-005 
d 0.000000000e+000 0.000000000e+000 -1.055246422e-005 9.500000000e+000 9.500000000e+000 0.000000000e+000 3.000000000e+000 3.000000000e+000 0.000000000e+000 5.000000000e+000 5.000000000e+000 1.055246422e-005 
d 0.000000000e+000 0.000000000e+000 -1.073752454e-005 1.000000000e+001 1.000000000e+001 0.000000000e+000 3.000000000e+000 3.000000000e+000 0.000000000e+000 5.000000000e+000 5.000000000e+000 1.073752454e-005 
