v ATLAS
# This file was created by ATLAS version 5.26.1.R on Thu Nov 28 15:43:23 2019.
#SSF 2.0 generic
##############################################################################
#                    Copyright (c) 1984 - 2018                               #
#                    Silvaco Inc. All rights reserved                        #
#                                                                            #
# This file format and the following Key are copyright Silvaco Inc.          #
# You may not use, this format or key without reproducing this message in    #
# full and obtaining express written permission from Silvaco Inc.            #
#                                                                            #
# To obtain such permission please contact: Silvaco Inc.                     #
#                                           support@silvaco.com              #
#                                                                            #
# KEY=SVC86hn7562asdx                       PROD=345                         #
##############################################################################
y 1 15
z 300
f 4 "source" "gate1" "gate2" "drain" 
p 12 2 601 20 3 602 21 4 603 22 5 604 23 
d 0.000000000e+000 0.000000000e+000 -7.113357182e-009 -2.500000000e+000 -2.500000000e+000 0.000000000e+000 0.000000000e+000 0.000000000e+000 0.000000000e+000 5.000000000e+000 5.000000000e+000 7.113357338e-009 
d 0.000000000e+000 0.000000000e+000 -1.693399172e-009 -5.000000000e+000 -5.000000000e+000 0.000000000e+000 0.000000000e+000 0.000000000e+000 0.000000000e+000 5.000000000e+000 5.000000000e+000 1.693399055e-009 
d 0.000000000e+000 0.000000000e+000 -2.148867387e-009 -4.500000000e+000 -4.500000000e+000 0.000000000e+000 0.000000000e+000 0.000000000e+000 0.000000000e+000 5.000000000e+000 5.000000000e+000 2.148867348e-009 
d 0.000000000e+000 0.000000000e+000 -2.778762443e-009 -4.000000000e+000 -4.000000000e+000 0.000000000e+000 0.000000000e+000 0.000000000e+000 0.000000000e+000 5.000000000e+000 5.000000000e+000 2.778762313e-009 
d 0.000000000e+000 0.000000000e+000 -3.669326383e-009 -3.500000000e+000 -3.500000000e+000 0.000000000e+000 0.000000000e+000 0.000000000e+000 0.000000000e+000 5.000000000e+000 5.000000000e+000 3.669326314e-009 
d 0.000000000e+000 0.000000000e+000 -4.984319528e-009 -3.000000000e+000 -3.000000000e+000 0.000000000e+000 0.000000000e+000 0.000000000e+000 0.000000000e+000 5.000000000e+000 5.000000000e+000 4.984319639e-009 
d 0.000000000e+000 0.000000000e+000 -7.113403375e-009 -2.500000000e+000 -2.500000000e+000 0.000000000e+000 0.000000000e+000 0.000000000e+000 0.000000000e+000 5.000000000e+000 5.000000000e+000 7.113403411e-009 
d 0.000000000e+000 0.000000000e+000 -1.110445799e-008 -2.000000000e+000 -2.000000000e+000 0.000000000e+000 0.000000000e+000 0.000000000e+000 0.000000000e+000 5.000000000e+000 5.000000000e+000 1.110445801e-008 
d 0.000000000e+000 0.000000000e+000 -1.980887446e-008 -1.500000000e+000 -1.500000000e+000 0.000000000e+000 0.000000000e+000 0.000000000e+000 0.000000000e+000 5.000000000e+000 5.000000000e+000 1.980887440e-008 
d 0.000000000e+000 0.000000000e+000 -4.633779528e-008 -1.000000000e+000 -1.000000000e+000 0.000000000e+000 0.000000000e+000 0.000000000e+000 0.000000000e+000 5.000000000e+000 5.000000000e+000 4.633779518e-008 
d 0.000000000e+000 0.000000000e+000 -1.675431641e-007 -5.000000000e-001 -5.000000000e-001 0.000000000e+000 0.000000000e+000 0.000000000e+000 0.000000000e+000 5.000000000e+000 5.000000000e+000 1.675431639e-007 
d 0.000000000e+000 0.000000000e+000 -5.109536732e-007 5.510695461e-016 5.510695461e-016 0.000000000e+000 0.000000000e+000 0.000000000e+000 0.000000000e+000 5.000000000e+000 5.000000000e+000 5.109536731e-007 
d 0.000000000e+000 0.000000000e+000 -9.332547465e-007 5.000000000e-001 5.000000000e-001 0.000000000e+000 0.000000000e+000 0.000000000e+000 0.000000000e+000 5.000000000e+000 5.000000000e+000 9.332547466e-007 
d 0.000000000e+000 0.000000000e+000 -1.184260246e-006 1.000000000e+000 1.000000000e+000 0.000000000e+000 0.000000000e+000 0.000000000e+000 0.000000000e+000 5.000000000e+000 5.000000000e+000 1.184260246e-006 
d 0.000000000e+000 0.000000000e+000 -1.405062758e-006 1.500000000e+000 1.500000000e+000 0.000000000e+000 0.000000000e+000 0.000000000e+000 0.000000000e+000 5.000000000e+000 5.000000000e+000 1.405062758e-006 
d 0.000000000e+000 0.000000000e+000 -1.596422765e-006 2.000000000e+000 2.000000000e+000 0.000000000e+000 0.000000000e+000 0.000000000e+000 0.000000000e+000 5.000000000e+000 5.000000000e+000 1.596422765e-006 
d 0.000000000e+000 0.000000000e+000 -1.748223126e-006 2.500000000e+000 2.500000000e+000 0.000000000e+000 0.000000000e+000 0.000000000e+000 0.000000000e+000 5.000000000e+000 5.000000000e+000 1.748223125e-006 
d 0.000000000e+000 0.000000000e+000 -1.878903889e-006 3.000000000e+000 3.000000000e+000 0.000000000e+000 0.000000000e+000 0.000000000e+000 0.000000000e+000 5.000000000e+000 5.000000000e+000 1.878903889e-006 
d 0.000000000e+000 0.000000000e+000 -1.998391784e-006 3.500000000e+000 3.500000000e+000 0.000000000e+000 0.000000000e+000 0.000000000e+000 0.000000000e+000 5.000000000e+000 5.000000000e+000 1.998391783e-006 
d 0.000000000e+000 0.000000000e+000 -2.110573002e-006 4.000000000e+000 4.000000000e+000 0.000000000e+000 0.000000000e+000 0.000000000e+000 0.000000000e+000 5.000000000e+000 5.000000000e+000 2.110573002e-006 
d 0.000000000e+000 0.000000000e+000 -2.217626713e-006 4.500000000e+000 4.500000000e+000 0.000000000e+000 0.000000000e+000 0.000000000e+000 0.000000000e+000 5.000000000e+000 5.000000000e+000 2.217626712e-006 
d 0.000000000e+000 0.000000000e+000 -2.320764402e-006 5.000000000e+000 5.000000000e+000 0.000000000e+000 0.000000000e+000 0.000000000e+000 0.000000000e+000 5.000000000e+000 5.000000000e+000 2.320764403e-006 
d 0.000000000e+000 0.000000000e+000 -2.420665484e-006 5.500000000e+000 5.500000000e+000 0.000000000e+000 0.000000000e+000 0.000000000e+000 0.000000000e+000 5.000000000e+000 5.000000000e+000 2.420665484e-006 
d 0.000000000e+000 0.000000000e+000 -2.517887130e-006 6.000000000e+000 6.000000000e+000 0.000000000e+000 0.000000000e+000 0.000000000e+000 0.000000000e+000 5.000000000e+000 5.000000000e+000 2.517887130e-006 
d 0.000000000e+000 0.000000000e+000 -2.612872263e-006 6.500000000e+000 6.500000000e+000 0.000000000e+000 0.000000000e+000 0.000000000e+000 0.000000000e+000 5.000000000e+000 5.000000000e+000 2.612872263e-006 
d 0.000000000e+000 0.000000000e+000 -2.705888464e-006 7.000000000e+000 7.000000000e+000 0.000000000e+000 0.000000000e+000 0.000000000e+000 0.000000000e+000 5.000000000e+000 5.000000000e+000 2.705888464e-006 
d 0.000000000e+000 0.000000000e+000 -2.797127031e-006 7.500000000e+000 7.500000000e+000 0.000000000e+000 0.000000000e+000 0.000000000e+000 0.000000000e+000 5.000000000e+000 5.000000000e+000 2.797127031e-006 
d 0.000000000e+000 0.000000000e+000 -2.886766608e-006 8.000000000e+000 8.000000000e+000 0.000000000e+000 0.000000000e+000 0.000000000e+000 0.000000000e+000 5.000000000e+000 5.000000000e+000 2.886766608e-006 
d 0.000000000e+000 0.000000000e+000 -2.974906838e-006 8.500000000e+000 8.500000000e+000 0.000000000e+000 0.000000000e+000 0.000000000e+000 0.000000000e+000 5.000000000e+000 5.000000000e+000 2.974906838e-006 
d 0.000000000e+000 0.000000000e+000 -3.061633854e-006 9.000000000e+000 9.000000000e+000 0.000000000e+000 0.000000000e+000 0.000000000e+000 0.000000000e+000 5.000000000e+000 5.000000000e+000 3.061633854e-006 
d 0.000000000e+000 0.000000000e+000 -3.147035122e-006 9.500000000e+000 9.500000000e+000 0.000000000e+000 0.000000000e+000 0.000000000e+000 0.000000000e+000 5.000000000e+000 5.000000000e+000 3.147035122e-006 
d 0.000000000e+000 0.000000000e+000 -3.231162309e-006 1.000000000e+001 1.000000000e+001 0.000000000e+000 0.000000000e+000 0.000000000e+000 0.000000000e+000 5.000000000e+000 5.000000000e+000 3.231162309e-006 
