v ATLAS
# This file was created by ATLAS version 5.26.1.R on Thu Nov 28 15:52:39 2019.
#SSF 2.0 generic
##############################################################################
#                    Copyright (c) 1984 - 2018                               #
#                    Silvaco Inc. All rights reserved                        #
#                                                                            #
# This file format and the following Key are copyright Silvaco Inc.          #
# You may not use, this format or key without reproducing this message in    #
# full and obtaining express written permission from Silvaco Inc.            #
#                                                                            #
# To obtain such permission please contact: Silvaco Inc.                     #
#                                           support@silvaco.com              #
#                                                                            #
# KEY=SVC86hn7562asdx                       PROD=345                         #
##############################################################################
y 1 15
z 300
f 4 "source" "gate1" "gate2" "drain" 
p 12 2 601 20 3 602 21 4 603 22 5 604 23 
d 0.000000000e+000 0.000000000e+000 -5.296319955e-007 -5.000000000e+000 -5.000000000e+000 0.000000000e+000 4.000000000e+000 4.000000000e+000 0.000000000e+000 5.000000000e+000 5.000000000e+000 5.296319954e-007 
d 0.000000000e+000 0.000000000e+000 -6.084933088e-007 -4.500000000e+000 -4.500000000e+000 0.000000000e+000 4.000000000e+000 4.000000000e+000 0.000000000e+000 5.000000000e+000 5.000000000e+000 6.084933084e-007 
d 0.000000000e+000 0.000000000e+000 -6.999037237e-007 -4.000000000e+000 -4.000000000e+000 0.000000000e+000 4.000000000e+000 4.000000000e+000 0.000000000e+000 5.000000000e+000 5.000000000e+000 6.999037236e-007 
d 0.000000000e+000 0.000000000e+000 -8.043406831e-007 -3.500000000e+000 -3.500000000e+000 0.000000000e+000 4.000000000e+000 4.000000000e+000 0.000000000e+000 5.000000000e+000 5.000000000e+000 8.043406830e-007 
d 0.000000000e+000 0.000000000e+000 -9.250327298e-007 -3.000000000e+000 -3.000000000e+000 0.000000000e+000 4.000000000e+000 4.000000000e+000 0.000000000e+000 5.000000000e+000 5.000000000e+000 9.250327296e-007 
d 0.000000000e+000 0.000000000e+000 -1.072962417e-006 -2.500000000e+000 -2.500000000e+000 0.000000000e+000 4.000000000e+000 4.000000000e+000 0.000000000e+000 5.000000000e+000 5.000000000e+000 1.072962417e-006 
d 0.000000000e+000 0.000000000e+000 -1.276571743e-006 -2.000000000e+000 -2.000000000e+000 0.000000000e+000 4.000000000e+000 4.000000000e+000 0.000000000e+000 5.000000000e+000 5.000000000e+000 1.276571743e-006 
d 0.000000000e+000 0.000000000e+000 -1.610566677e-006 -1.500000000e+000 -1.500000000e+000 0.000000000e+000 4.000000000e+000 4.000000000e+000 0.000000000e+000 5.000000000e+000 5.000000000e+000 1.610566677e-006 
d 0.000000000e+000 0.000000000e+000 -2.457071770e-006 -1.000000000e+000 -1.000000000e+000 0.000000000e+000 4.000000000e+000 4.000000000e+000 0.000000000e+000 5.000000000e+000 5.000000000e+000 2.457071770e-006 
d 0.000000000e+000 0.000000000e+000 -3.740561321e-006 -5.000000000e-001 -5.000000000e-001 0.000000000e+000 4.000000000e+000 4.000000000e+000 0.000000000e+000 5.000000000e+000 5.000000000e+000 3.740561321e-006 
d 0.000000000e+000 0.000000000e+000 -5.429794174e-006 5.510695461e-016 5.510695461e-016 0.000000000e+000 4.000000000e+000 4.000000000e+000 0.000000000e+000 5.000000000e+000 5.000000000e+000 5.429794174e-006 
d 0.000000000e+000 0.000000000e+000 -6.743229538e-006 5.000000000e-001 5.000000000e-001 0.000000000e+000 4.000000000e+000 4.000000000e+000 0.000000000e+000 5.000000000e+000 5.000000000e+000 6.743229538e-006 
d 0.000000000e+000 0.000000000e+000 -7.479365244e-006 1.000000000e+000 1.000000000e+000 0.000000000e+000 4.000000000e+000 4.000000000e+000 0.000000000e+000 5.000000000e+000 5.000000000e+000 7.479365244e-006 
d 0.000000000e+000 0.000000000e+000 -8.054167247e-006 1.500000000e+000 1.500000000e+000 0.000000000e+000 4.000000000e+000 4.000000000e+000 0.000000000e+000 5.000000000e+000 5.000000000e+000 8.054167247e-006 
d 0.000000000e+000 0.000000000e+000 -8.570814152e-006 2.000000000e+000 2.000000000e+000 0.000000000e+000 4.000000000e+000 4.000000000e+000 0.000000000e+000 5.000000000e+000 5.000000000e+000 8.570814152e-006 
d 0.000000000e+000 0.000000000e+000 -9.058170849e-006 2.500000000e+000 2.500000000e+000 0.000000000e+000 4.000000000e+000 4.000000000e+000 0.000000000e+000 5.000000000e+000 5.000000000e+000 9.058170822e-006 
d 0.000000000e+000 0.000000000e+000 -9.525622037e-006 3.000000000e+000 3.000000000e+000 0.000000000e+000 4.000000000e+000 4.000000000e+000 0.000000000e+000 5.000000000e+000 5.000000000e+000 9.525622034e-006 
d 0.000000000e+000 0.000000000e+000 -9.973653807e-006 3.500000000e+000 3.500000000e+000 0.000000000e+000 4.000000000e+000 4.000000000e+000 0.000000000e+000 5.000000000e+000 5.000000000e+000 9.973653807e-006 
d 0.000000000e+000 0.000000000e+000 -1.039227857e-005 4.000000000e+000 4.000000000e+000 0.000000000e+000 4.000000000e+000 4.000000000e+000 0.000000000e+000 5.000000000e+000 5.000000000e+000 1.039227857e-005 
d 0.000000000e+000 0.000000000e+000 -1.076355115e-005 4.500000000e+000 4.500000000e+000 0.000000000e+000 4.000000000e+000 4.000000000e+000 0.000000000e+000 5.000000000e+000 5.000000000e+000 1.076355115e-005 
d 0.000000000e+000 0.000000000e+000 -1.108872255e-005 5.000000000e+000 5.000000000e+000 0.000000000e+000 4.000000000e+000 4.000000000e+000 0.000000000e+000 5.000000000e+000 5.000000000e+000 1.108872255e-005 
d 0.000000000e+000 0.000000000e+000 -1.138280876e-005 5.500000000e+000 5.500000000e+000 0.000000000e+000 4.000000000e+000 4.000000000e+000 0.000000000e+000 5.000000000e+000 5.000000000e+000 1.138280876e-005 
d 0.000000000e+000 0.000000000e+000 -1.165619618e-005 6.000000000e+000 6.000000000e+000 0.000000000e+000 4.000000000e+000 4.000000000e+000 0.000000000e+000 5.000000000e+000 5.000000000e+000 1.165619618e-005 
d 0.000000000e+000 0.000000000e+000 -1.191468156e-005 6.500000000e+000 6.500000000e+000 0.000000000e+000 4.000000000e+000 4.000000000e+000 0.000000000e+000 5.000000000e+000 5.000000000e+000 1.191468156e-005 
d 0.000000000e+000 0.000000000e+000 -1.216170531e-005 7.000000000e+000 7.000000000e+000 0.000000000e+000 4.000000000e+000 4.000000000e+000 0.000000000e+000 5.000000000e+000 5.000000000e+000 1.216170531e-005 
d 0.000000000e+000 0.000000000e+000 -1.239949130e-005 7.500000000e+000 7.500000000e+000 0.000000000e+000 4.000000000e+000 4.000000000e+000 0.000000000e+000 5.000000000e+000 5.000000000e+000 1.239949130e-005 
d 0.000000000e+000 0.000000000e+000 -1.262960854e-005 8.000000000e+000 8.000000000e+000 0.000000000e+000 4.000000000e+000 4.000000000e+000 0.000000000e+000 5.000000000e+000 5.000000000e+000 1.262960854e-005 
d 0.000000000e+000 0.000000000e+000 -1.285324672e-005 8.500000000e+000 8.500000000e+000 0.000000000e+000 4.000000000e+000 4.000000000e+000 0.000000000e+000 5.000000000e+000 5.000000000e+000 1.285324672e-005 
d 0.000000000e+000 0.000000000e+000 -1.307139402e-005 9.000000000e+000 9.000000000e+000 0.000000000e+000 4.000000000e+000 4.000000000e+000 0.000000000e+000 5.000000000e+000 5.000000000e+000 1.307139402e-005 
d 0.000000000e+000 0.000000000e+000 -1.328483702e-005 9.500000000e+000 9.500000000e+000 0.000000000e+000 4.000000000e+000 4.000000000e+000 0.000000000e+000 5.000000000e+000 5.000000000e+000 1.328483702e-005 
d 0.000000000e+000 0.000000000e+000 -1.349420383e-005 1.000000000e+001 1.000000000e+001 0.000000000e+000 4.000000000e+000 4.000000000e+000 0.000000000e+000 5.000000000e+000 5.000000000e+000 1.349420383e-005 
