v ATLAS
# This file was created by ATLAS version 5.26.1.R on Thu Nov 28 15:45:52 2019.
#SSF 2.0 generic
##############################################################################
#                    Copyright (c) 1984 - 2018                               #
#                    Silvaco Inc. All rights reserved                        #
#                                                                            #
# This file format and the following Key are copyright Silvaco Inc.          #
# You may not use, this format or key without reproducing this message in    #
# full and obtaining express written permission from Silvaco Inc.            #
#                                                                            #
# To obtain such permission please contact: Silvaco Inc.                     #
#                                           support@silvaco.com              #
#                                                                            #
# KEY=SVC86hn7562asdx                       PROD=345                         #
##############################################################################
y 1 15
z 300
f 4 "source" "gate1" "gate2" "drain" 
p 12 2 601 20 3 602 21 4 603 22 5 604 23 
d 0.000000000e+000 0.000000000e+000 -2.071579429e-008 -2.500000000e+000 -2.500000000e+000 0.000000000e+000 5.000000000e-001 5.000000000e-001 0.000000000e+000 5.000000000e+000 5.000000000e+000 2.071579410e-008 
d 0.000000000e+000 0.000000000e+000 -1.343886431e-008 -5.000000000e+000 -5.000000000e+000 0.000000000e+000 1.000000000e+000 1.000000000e+000 0.000000000e+000 5.000000000e+000 5.000000000e+000 1.343886420e-008 
d 0.000000000e+000 0.000000000e+000 -1.690548646e-008 -4.500000000e+000 -4.500000000e+000 0.000000000e+000 1.000000000e+000 1.000000000e+000 0.000000000e+000 5.000000000e+000 5.000000000e+000 1.690548669e-008 
d 0.000000000e+000 0.000000000e+000 -2.144912398e-008 -4.000000000e+000 -4.000000000e+000 0.000000000e+000 1.000000000e+000 1.000000000e+000 0.000000000e+000 5.000000000e+000 5.000000000e+000 2.144912413e-008 
d 0.000000000e+000 0.000000000e+000 -2.757675579e-008 -3.500000000e+000 -3.500000000e+000 0.000000000e+000 1.000000000e+000 1.000000000e+000 0.000000000e+000 5.000000000e+000 5.000000000e+000 2.757675591e-008 
d 0.000000000e+000 0.000000000e+000 -3.649940482e-008 -3.000000000e+000 -3.000000000e+000 0.000000000e+000 1.000000000e+000 1.000000000e+000 0.000000000e+000 5.000000000e+000 5.000000000e+000 3.649940500e-008 
d 0.000000000e+000 0.000000000e+000 -5.103010816e-008 -2.500000000e+000 -2.500000000e+000 0.000000000e+000 1.000000000e+000 1.000000000e+000 0.000000000e+000 5.000000000e+000 5.000000000e+000 5.103010847e-008 
d 0.000000000e+000 0.000000000e+000 -7.454630779e-008 -2.000000000e+000 -2.000000000e+000 0.000000000e+000 1.000000000e+000 1.000000000e+000 0.000000000e+000 5.000000000e+000 5.000000000e+000 7.454630768e-008 
d 0.000000000e+000 0.000000000e+000 -1.159995188e-007 -1.500000000e+000 -1.500000000e+000 0.000000000e+000 1.000000000e+000 1.000000000e+000 0.000000000e+000 5.000000000e+000 5.000000000e+000 1.159995190e-007 
d 0.000000000e+000 0.000000000e+000 -2.396266002e-007 -1.000000000e+000 -1.000000000e+000 0.000000000e+000 1.000000000e+000 1.000000000e+000 0.000000000e+000 5.000000000e+000 5.000000000e+000 2.396266003e-007 
d 0.000000000e+000 0.000000000e+000 -6.077593221e-007 -5.000000000e-001 -5.000000000e-001 0.000000000e+000 1.000000000e+000 1.000000000e+000 0.000000000e+000 5.000000000e+000 5.000000000e+000 6.077593221e-007 
d 0.000000000e+000 0.000000000e+000 -1.325227983e-006 5.510695461e-016 5.510695461e-016 0.000000000e+000 1.000000000e+000 1.000000000e+000 0.000000000e+000 5.000000000e+000 5.000000000e+000 1.325227983e-006 
d 0.000000000e+000 0.000000000e+000 -2.021884920e-006 5.000000000e-001 5.000000000e-001 0.000000000e+000 1.000000000e+000 1.000000000e+000 0.000000000e+000 5.000000000e+000 5.000000000e+000 2.021884919e-006 
d 0.000000000e+000 0.000000000e+000 -2.403005203e-006 1.000000000e+000 1.000000000e+000 0.000000000e+000 1.000000000e+000 1.000000000e+000 0.000000000e+000 5.000000000e+000 5.000000000e+000 2.403005203e-006 
d 0.000000000e+000 0.000000000e+000 -2.723559722e-006 1.500000000e+000 1.500000000e+000 0.000000000e+000 1.000000000e+000 1.000000000e+000 0.000000000e+000 5.000000000e+000 5.000000000e+000 2.723559722e-006 
d 0.000000000e+000 0.000000000e+000 -3.011087818e-006 2.000000000e+000 2.000000000e+000 0.000000000e+000 1.000000000e+000 1.000000000e+000 0.000000000e+000 5.000000000e+000 5.000000000e+000 3.011087818e-006 
d 0.000000000e+000 0.000000000e+000 -3.248004170e-006 2.500000000e+000 2.500000000e+000 0.000000000e+000 1.000000000e+000 1.000000000e+000 0.000000000e+000 5.000000000e+000 5.000000000e+000 3.248004170e-006 
d 0.000000000e+000 0.000000000e+000 -3.446245074e-006 3.000000000e+000 3.000000000e+000 0.000000000e+000 1.000000000e+000 1.000000000e+000 0.000000000e+000 5.000000000e+000 5.000000000e+000 3.446245074e-006 
d 0.000000000e+000 0.000000000e+000 -3.623806226e-006 3.500000000e+000 3.500000000e+000 0.000000000e+000 1.000000000e+000 1.000000000e+000 0.000000000e+000 5.000000000e+000 5.000000000e+000 3.623806226e-006 
d 0.000000000e+000 0.000000000e+000 -3.788739363e-006 4.000000000e+000 4.000000000e+000 0.000000000e+000 1.000000000e+000 1.000000000e+000 0.000000000e+000 5.000000000e+000 5.000000000e+000 3.788739363e-006 
d 0.000000000e+000 0.000000000e+000 -3.944991931e-006 4.500000000e+000 4.500000000e+000 0.000000000e+000 1.000000000e+000 1.000000000e+000 0.000000000e+000 5.000000000e+000 5.000000000e+000 3.944991931e-006 
d 0.000000000e+000 0.000000000e+000 -4.094730692e-006 5.000000000e+000 5.000000000e+000 0.000000000e+000 1.000000000e+000 1.000000000e+000 0.000000000e+000 5.000000000e+000 5.000000000e+000 4.094730692e-006 
d 0.000000000e+000 0.000000000e+000 -4.239311398e-006 5.500000000e+000 5.500000000e+000 0.000000000e+000 1.000000000e+000 1.000000000e+000 0.000000000e+000 5.000000000e+000 5.000000000e+000 4.239311398e-006 
d 0.000000000e+000 0.000000000e+000 -4.379652587e-006 6.000000000e+000 6.000000000e+000 0.000000000e+000 1.000000000e+000 1.000000000e+000 0.000000000e+000 5.000000000e+000 5.000000000e+000 4.379652587e-006 
d 0.000000000e+000 0.000000000e+000 -4.516425367e-006 6.500000000e+000 6.500000000e+000 0.000000000e+000 1.000000000e+000 1.000000000e+000 0.000000000e+000 5.000000000e+000 5.000000000e+000 4.516425367e-006 
d 0.000000000e+000 0.000000000e+000 -4.650134719e-006 7.000000000e+000 7.000000000e+000 0.000000000e+000 1.000000000e+000 1.000000000e+000 0.000000000e+000 5.000000000e+000 5.000000000e+000 4.650134719e-006 
d 0.000000000e+000 0.000000000e+000 -4.781170893e-006 7.500000000e+000 7.500000000e+000 0.000000000e+000 1.000000000e+000 1.000000000e+000 0.000000000e+000 5.000000000e+000 5.000000000e+000 4.781170893e-006 
d 0.000000000e+000 0.000000000e+000 -4.909836850e-006 8.000000000e+000 8.000000000e+000 0.000000000e+000 1.000000000e+000 1.000000000e+000 0.000000000e+000 5.000000000e+000 5.000000000e+000 4.909836851e-006 
d 0.000000000e+000 0.000000000e+000 -5.036388174e-006 8.500000000e+000 8.500000000e+000 0.000000000e+000 1.000000000e+000 1.000000000e+000 0.000000000e+000 5.000000000e+000 5.000000000e+000 5.036388174e-006 
d 0.000000000e+000 0.000000000e+000 -5.161032596e-006 9.000000000e+000 9.000000000e+000 0.000000000e+000 1.000000000e+000 1.000000000e+000 0.000000000e+000 5.000000000e+000 5.000000000e+000 5.161032596e-006 
d 0.000000000e+000 0.000000000e+000 -5.283938367e-006 9.500000000e+000 9.500000000e+000 0.000000000e+000 1.000000000e+000 1.000000000e+000 0.000000000e+000 5.000000000e+000 5.000000000e+000 5.283938367e-006 
d 0.000000000e+000 0.000000000e+000 -5.405251594e-006 1.000000000e+001 1.000000000e+001 0.000000000e+000 1.000000000e+000 1.000000000e+000 0.000000000e+000 5.000000000e+000 5.000000000e+000 5.405251595e-006 
