v ATLAS
# This file was created by ATLAS version 5.26.1.R on Thu Nov 28 15:48:24 2019.
#SSF 2.0 generic
##############################################################################
#                    Copyright (c) 1984 - 2018                               #
#                    Silvaco Inc. All rights reserved                        #
#                                                                            #
# This file format and the following Key are copyright Silvaco Inc.          #
# You may not use, this format or key without reproducing this message in    #
# full and obtaining express written permission from Silvaco Inc.            #
#                                                                            #
# To obtain such permission please contact: Silvaco Inc.                     #
#                                           support@silvaco.com              #
#                                                                            #
# KEY=SVC86hn7562asdx                       PROD=345                         #
##############################################################################
y 1 15
z 300
f 4 "source" "gate1" "gate2" "drain" 
p 12 2 601 20 3 602 21 4 603 22 5 604 23 
d 0.000000000e+000 0.000000000e+000 -5.102909193e-008 -2.500000000e+000 -2.500000000e+000 0.000000000e+000 1.000000000e+000 1.000000000e+000 0.000000000e+000 5.000000000e+000 5.000000000e+000 5.102909197e-008 
d 0.000000000e+000 0.000000000e+000 -6.584573374e-008 -5.000000000e+000 -5.000000000e+000 0.000000000e+000 2.000000000e+000 2.000000000e+000 0.000000000e+000 5.000000000e+000 5.000000000e+000 6.584573383e-008 
d 0.000000000e+000 0.000000000e+000 -7.951796000e-008 -4.500000000e+000 -4.500000000e+000 0.000000000e+000 2.000000000e+000 2.000000000e+000 0.000000000e+000 5.000000000e+000 5.000000000e+000 7.951795997e-008 
d 0.000000000e+000 0.000000000e+000 -9.700903758e-008 -4.000000000e+000 -4.000000000e+000 0.000000000e+000 2.000000000e+000 2.000000000e+000 0.000000000e+000 5.000000000e+000 5.000000000e+000 9.700903742e-008 
d 0.000000000e+000 0.000000000e+000 -1.213366823e-007 -3.500000000e+000 -3.500000000e+000 0.000000000e+000 2.000000000e+000 2.000000000e+000 0.000000000e+000 5.000000000e+000 5.000000000e+000 1.213366824e-007 
d 0.000000000e+000 0.000000000e+000 -1.553437440e-007 -3.000000000e+000 -3.000000000e+000 0.000000000e+000 2.000000000e+000 2.000000000e+000 0.000000000e+000 5.000000000e+000 5.000000000e+000 1.553437441e-007 
d 0.000000000e+000 0.000000000e+000 -2.012425433e-007 -2.500000000e+000 -2.500000000e+000 0.000000000e+000 2.000000000e+000 2.000000000e+000 0.000000000e+000 5.000000000e+000 5.000000000e+000 2.012425435e-007 
d 0.000000000e+000 0.000000000e+000 -2.682418590e-007 -2.000000000e+000 -2.000000000e+000 0.000000000e+000 2.000000000e+000 2.000000000e+000 0.000000000e+000 5.000000000e+000 5.000000000e+000 2.682418591e-007 
d 0.000000000e+000 0.000000000e+000 -3.800906707e-007 -1.500000000e+000 -1.500000000e+000 0.000000000e+000 2.000000000e+000 2.000000000e+000 0.000000000e+000 5.000000000e+000 5.000000000e+000 3.800906706e-007 
d 0.000000000e+000 0.000000000e+000 -7.006150120e-007 -1.000000000e+000 -1.000000000e+000 0.000000000e+000 2.000000000e+000 2.000000000e+000 0.000000000e+000 5.000000000e+000 5.000000000e+000 7.006150122e-007 
d 0.000000000e+000 0.000000000e+000 -1.380996521e-006 -5.000000000e-001 -5.000000000e-001 0.000000000e+000 2.000000000e+000 2.000000000e+000 0.000000000e+000 5.000000000e+000 5.000000000e+000 1.380996521e-006 
d 0.000000000e+000 0.000000000e+000 -2.472697369e-006 5.510695461e-016 5.510695461e-016 0.000000000e+000 2.000000000e+000 2.000000000e+000 0.000000000e+000 5.000000000e+000 5.000000000e+000 2.472697369e-006 
d 0.000000000e+000 0.000000000e+000 -3.414100567e-006 5.000000000e-001 5.000000000e-001 0.000000000e+000 2.000000000e+000 2.000000000e+000 0.000000000e+000 5.000000000e+000 5.000000000e+000 3.414100567e-006 
d 0.000000000e+000 0.000000000e+000 -3.922969219e-006 1.000000000e+000 1.000000000e+000 0.000000000e+000 2.000000000e+000 2.000000000e+000 0.000000000e+000 5.000000000e+000 5.000000000e+000 3.922969219e-006 
d 0.000000000e+000 0.000000000e+000 -4.339767385e-006 1.500000000e+000 1.500000000e+000 0.000000000e+000 2.000000000e+000 2.000000000e+000 0.000000000e+000 5.000000000e+000 5.000000000e+000 4.339767384e-006 
d 0.000000000e+000 0.000000000e+000 -4.725277502e-006 2.000000000e+000 2.000000000e+000 0.000000000e+000 2.000000000e+000 2.000000000e+000 0.000000000e+000 5.000000000e+000 5.000000000e+000 4.725277502e-006 
d 0.000000000e+000 0.000000000e+000 -5.080993073e-006 2.500000000e+000 2.500000000e+000 0.000000000e+000 2.000000000e+000 2.000000000e+000 0.000000000e+000 5.000000000e+000 5.000000000e+000 5.080993073e-006 
d 0.000000000e+000 0.000000000e+000 -5.386664741e-006 3.000000000e+000 3.000000000e+000 0.000000000e+000 2.000000000e+000 2.000000000e+000 0.000000000e+000 5.000000000e+000 5.000000000e+000 5.386664741e-006 
d 0.000000000e+000 0.000000000e+000 -5.645373818e-006 3.500000000e+000 3.500000000e+000 0.000000000e+000 2.000000000e+000 2.000000000e+000 0.000000000e+000 5.000000000e+000 5.000000000e+000 5.645373818e-006 
d 0.000000000e+000 0.000000000e+000 -5.876109474e-006 4.000000000e+000 4.000000000e+000 0.000000000e+000 2.000000000e+000 2.000000000e+000 0.000000000e+000 5.000000000e+000 5.000000000e+000 5.876109474e-006 
d 0.000000000e+000 0.000000000e+000 -6.089537666e-006 4.500000000e+000 4.500000000e+000 0.000000000e+000 2.000000000e+000 2.000000000e+000 0.000000000e+000 5.000000000e+000 5.000000000e+000 6.089537665e-006 
d 0.000000000e+000 0.000000000e+000 -6.290983210e-006 5.000000000e+000 5.000000000e+000 0.000000000e+000 2.000000000e+000 2.000000000e+000 0.000000000e+000 5.000000000e+000 5.000000000e+000 6.290983210e-006 
d 0.000000000e+000 0.000000000e+000 -6.483449621e-006 5.500000000e+000 5.500000000e+000 0.000000000e+000 2.000000000e+000 2.000000000e+000 0.000000000e+000 5.000000000e+000 5.000000000e+000 6.483449621e-006 
d 0.000000000e+000 0.000000000e+000 -6.668867487e-006 6.000000000e+000 6.000000000e+000 0.000000000e+000 2.000000000e+000 2.000000000e+000 0.000000000e+000 5.000000000e+000 5.000000000e+000 6.668867487e-006 
d 0.000000000e+000 0.000000000e+000 -6.848520993e-006 6.500000000e+000 6.500000000e+000 0.000000000e+000 2.000000000e+000 2.000000000e+000 0.000000000e+000 5.000000000e+000 5.000000000e+000 6.848520993e-006 
d 0.000000000e+000 0.000000000e+000 -7.023315504e-006 7.000000000e+000 7.000000000e+000 0.000000000e+000 2.000000000e+000 2.000000000e+000 0.000000000e+000 5.000000000e+000 5.000000000e+000 7.023315504e-006 
d 0.000000000e+000 0.000000000e+000 -7.193905338e-006 7.500000000e+000 7.500000000e+000 0.000000000e+000 2.000000000e+000 2.000000000e+000 0.000000000e+000 5.000000000e+000 5.000000000e+000 7.193905338e-006 
d 0.000000000e+000 0.000000000e+000 -7.360837813e-006 8.000000000e+000 8.000000000e+000 0.000000000e+000 2.000000000e+000 2.000000000e+000 0.000000000e+000 5.000000000e+000 5.000000000e+000 7.360837813e-006 
d 0.000000000e+000 0.000000000e+000 -7.524534724e-006 8.500000000e+000 8.500000000e+000 0.000000000e+000 2.000000000e+000 2.000000000e+000 0.000000000e+000 5.000000000e+000 5.000000000e+000 7.524534724e-006 
d 0.000000000e+000 0.000000000e+000 -7.685340191e-006 9.000000000e+000 9.000000000e+000 0.000000000e+000 2.000000000e+000 2.000000000e+000 0.000000000e+000 5.000000000e+000 5.000000000e+000 7.685340191e-006 
d 0.000000000e+000 0.000000000e+000 -7.843536022e-006 9.500000000e+000 9.500000000e+000 0.000000000e+000 2.000000000e+000 2.000000000e+000 0.000000000e+000 5.000000000e+000 5.000000000e+000 7.843536022e-006 
d 0.000000000e+000 0.000000000e+000 -7.999359784e-006 1.000000000e+001 1.000000000e+001 0.000000000e+000 2.000000000e+000 2.000000000e+000 0.000000000e+000 5.000000000e+000 5.000000000e+000 7.999359784e-006 
