v ATLAS
# This file was created by ATLAS version 5.26.1.R on Thu Nov 28 15:54:37 2019.
#SSF 2.0 generic
##############################################################################
#                    Copyright (c) 1984 - 2018                               #
#                    Silvaco Inc. All rights reserved                        #
#                                                                            #
# This file format and the following Key are copyright Silvaco Inc.          #
# You may not use, this format or key without reproducing this message in    #
# full and obtaining express written permission from Silvaco Inc.            #
#                                                                            #
# To obtain such permission please contact: Silvaco Inc.                     #
#                                           support@silvaco.com              #
#                                                                            #
# KEY=SVC86hn7562asdx                       PROD=345                         #
##############################################################################
y 1 15
z 300
f 4 "source" "gate1" "gate2" "drain" 
p 12 2 601 20 3 602 21 4 603 22 5 604 23 
d 0.000000000e+000 0.000000000e+000 -1.030447360e-006 -5.000000000e+000 -5.000000000e+000 0.000000000e+000 5.000000000e+000 5.000000000e+000 0.000000000e+000 5.000000000e+000 5.000000000e+000 1.030447360e-006 
d 0.000000000e+000 0.000000000e+000 -1.153877339e-006 -4.500000000e+000 -4.500000000e+000 0.000000000e+000 5.000000000e+000 5.000000000e+000 0.000000000e+000 5.000000000e+000 5.000000000e+000 1.153877340e-006 
d 0.000000000e+000 0.000000000e+000 -1.290116838e-006 -4.000000000e+000 -4.000000000e+000 0.000000000e+000 5.000000000e+000 5.000000000e+000 0.000000000e+000 5.000000000e+000 5.000000000e+000 1.290116838e-006 
d 0.000000000e+000 0.000000000e+000 -1.438344845e-006 -3.500000000e+000 -3.500000000e+000 0.000000000e+000 5.000000000e+000 5.000000000e+000 0.000000000e+000 5.000000000e+000 5.000000000e+000 1.438344845e-006 
d 0.000000000e+000 0.000000000e+000 -1.604693327e-006 -3.000000000e+000 -3.000000000e+000 0.000000000e+000 5.000000000e+000 5.000000000e+000 0.000000000e+000 5.000000000e+000 5.000000000e+000 1.604693327e-006 
d 0.000000000e+000 0.000000000e+000 -1.803783778e-006 -2.500000000e+000 -2.500000000e+000 0.000000000e+000 5.000000000e+000 5.000000000e+000 0.000000000e+000 5.000000000e+000 5.000000000e+000 1.803783778e-006 
d 0.000000000e+000 0.000000000e+000 -2.078925912e-006 -2.000000000e+000 -2.000000000e+000 0.000000000e+000 5.000000000e+000 5.000000000e+000 0.000000000e+000 5.000000000e+000 5.000000000e+000 2.078925912e-006 
d 0.000000000e+000 0.000000000e+000 -2.556112999e-006 -1.500000000e+000 -1.500000000e+000 0.000000000e+000 5.000000000e+000 5.000000000e+000 0.000000000e+000 5.000000000e+000 5.000000000e+000 2.556112999e-006 
d 0.000000000e+000 0.000000000e+000 -3.662676997e-006 -1.000000000e+000 -1.000000000e+000 0.000000000e+000 5.000000000e+000 5.000000000e+000 0.000000000e+000 5.000000000e+000 5.000000000e+000 3.662676997e-006 
d 0.000000000e+000 0.000000000e+000 -5.196839618e-006 -5.000000000e-001 -5.000000000e-001 0.000000000e+000 5.000000000e+000 5.000000000e+000 0.000000000e+000 5.000000000e+000 5.000000000e+000 5.196839618e-006 
d 0.000000000e+000 0.000000000e+000 -7.095946481e-006 5.510695461e-016 5.510695461e-016 0.000000000e+000 5.000000000e+000 5.000000000e+000 0.000000000e+000 5.000000000e+000 5.000000000e+000 7.095946481e-006 
d 0.000000000e+000 0.000000000e+000 -8.543247198e-006 5.000000000e-001 5.000000000e-001 0.000000000e+000 5.000000000e+000 5.000000000e+000 0.000000000e+000 5.000000000e+000 5.000000000e+000 8.543247198e-006 
d 0.000000000e+000 0.000000000e+000 -9.378777014e-006 1.000000000e+000 1.000000000e+000 0.000000000e+000 5.000000000e+000 5.000000000e+000 0.000000000e+000 5.000000000e+000 5.000000000e+000 9.378777014e-006 
d 0.000000000e+000 0.000000000e+000 -1.001934147e-005 1.500000000e+000 1.500000000e+000 0.000000000e+000 5.000000000e+000 5.000000000e+000 0.000000000e+000 5.000000000e+000 5.000000000e+000 1.001934147e-005 
d 0.000000000e+000 0.000000000e+000 -1.058546436e-005 2.000000000e+000 2.000000000e+000 0.000000000e+000 5.000000000e+000 5.000000000e+000 0.000000000e+000 5.000000000e+000 5.000000000e+000 1.058546436e-005 
d 0.000000000e+000 0.000000000e+000 -1.111418047e-005 2.500000000e+000 2.500000000e+000 0.000000000e+000 5.000000000e+000 5.000000000e+000 0.000000000e+000 5.000000000e+000 5.000000000e+000 1.111418042e-005 
d 0.000000000e+000 0.000000000e+000 -1.161941766e-005 3.000000000e+000 3.000000000e+000 0.000000000e+000 5.000000000e+000 5.000000000e+000 0.000000000e+000 5.000000000e+000 5.000000000e+000 1.161941766e-005 
d 0.000000000e+000 0.000000000e+000 -1.210670183e-005 3.500000000e+000 3.500000000e+000 0.000000000e+000 5.000000000e+000 5.000000000e+000 0.000000000e+000 5.000000000e+000 5.000000000e+000 1.210670183e-005 
d 0.000000000e+000 0.000000000e+000 -1.257668644e-005 4.000000000e+000 4.000000000e+000 0.000000000e+000 5.000000000e+000 5.000000000e+000 0.000000000e+000 5.000000000e+000 5.000000000e+000 1.257668644e-005 
d 0.000000000e+000 0.000000000e+000 -1.302400351e-005 4.500000000e+000 4.500000000e+000 0.000000000e+000 5.000000000e+000 5.000000000e+000 0.000000000e+000 5.000000000e+000 5.000000000e+000 1.302400351e-005 
d 0.000000000e+000 0.000000000e+000 -1.343368794e-005 5.000000000e+000 5.000000000e+000 0.000000000e+000 5.000000000e+000 5.000000000e+000 0.000000000e+000 5.000000000e+000 5.000000000e+000 1.343368794e-005 
d 0.000000000e+000 0.000000000e+000 -1.379585735e-005 5.500000000e+000 5.500000000e+000 0.000000000e+000 5.000000000e+000 5.000000000e+000 0.000000000e+000 5.000000000e+000 5.000000000e+000 1.379585734e-005 
d 0.000000000e+000 0.000000000e+000 -1.412027862e-005 6.000000000e+000 6.000000000e+000 0.000000000e+000 5.000000000e+000 5.000000000e+000 0.000000000e+000 5.000000000e+000 5.000000000e+000 1.412027862e-005 
d 0.000000000e+000 0.000000000e+000 -1.441909016e-005 6.500000000e+000 6.500000000e+000 0.000000000e+000 5.000000000e+000 5.000000000e+000 0.000000000e+000 5.000000000e+000 5.000000000e+000 1.441909016e-005 
d 0.000000000e+000 0.000000000e+000 -1.469994269e-005 7.000000000e+000 7.000000000e+000 0.000000000e+000 5.000000000e+000 5.000000000e+000 0.000000000e+000 5.000000000e+000 5.000000000e+000 1.469994269e-005 
d 0.000000000e+000 0.000000000e+000 -1.496749696e-005 7.500000000e+000 7.500000000e+000 0.000000000e+000 5.000000000e+000 5.000000000e+000 0.000000000e+000 5.000000000e+000 5.000000000e+000 1.496749696e-005 
d 0.000000000e+000 0.000000000e+000 -1.522470597e-005 8.000000000e+000 8.000000000e+000 0.000000000e+000 5.000000000e+000 5.000000000e+000 0.000000000e+000 5.000000000e+000 5.000000000e+000 1.522470597e-005 
d 0.000000000e+000 0.000000000e+000 -1.547349709e-005 8.500000000e+000 8.500000000e+000 0.000000000e+000 5.000000000e+000 5.000000000e+000 0.000000000e+000 5.000000000e+000 5.000000000e+000 1.547349709e-005 
d 0.000000000e+000 0.000000000e+000 -1.571516172e-005 9.000000000e+000 9.000000000e+000 0.000000000e+000 5.000000000e+000 5.000000000e+000 0.000000000e+000 5.000000000e+000 5.000000000e+000 1.571516172e-005 
d 0.000000000e+000 0.000000000e+000 -1.595061323e-005 9.500000000e+000 9.500000000e+000 0.000000000e+000 5.000000000e+000 5.000000000e+000 0.000000000e+000 5.000000000e+000 5.000000000e+000 1.595061323e-005 
d 0.000000000e+000 0.000000000e+000 -1.618058618e-005 1.000000000e+001 1.000000000e+001 0.000000000e+000 5.000000000e+000 5.000000000e+000 0.000000000e+000 5.000000000e+000 5.000000000e+000 1.618058618e-005 
